000000
000040
000300
000420
000480
000540
000560
000600
000700
000720
000840
000960
000980
001000
001080
001160
001220
001500
001540
001560
001600
001640
001660
001720
001740
001780
001860
001980
002080
002340
002380
002480
002540
002580
002620
002660
002860
002900
002920
002960
003020
003100
003200
003220
003340
003460
003500
003580
003640
003680
003740
003840
003920
003960
004020
004280
004300
004340
004420
004440
004460
004480
004540
004640
004680
004720
004760
004820
004860
004880
005000
005120
005180
005300
005380
005440
005500
005520
005560
005580
005600
005760
005980
006100
006180
006220
006320
006340
006360
006460
006480
006540
006560
006640
006700
006720
006780
006800
006880
006900
006960
007000
007160
007240
007340
007640
007700
007840
007880
007920
007980
008020
008040
008080
008160
008220
008240
008260
008300
008360
008560
008920
008940
008980
009000
009120
009260
009300
009360
009400
009420
009520
009700
009780
010140
010220
010340
010360
010840
010940
011000
011020
011040
011140
011240
011260
011280
011300
011400
011420
011460
011500
011520
011540
011580
011620
011680
011740
011780
011900
012000
012040
012080
012140
012200
012220
012280
012380
012440
012480
012560
012580
012660
012720
012740
012760
012800
012840
012880
013060
013180
013200
013300
013360
013380
013500
013520
013680
013740
013800
013920
013960
014300
014340
014460
014560
014640
015000
015080
015100
015160
015280
015320
015500
015520
015680
015700
015740
015760
015940
015960
016020
016060
016080
016100
016140
016200
016260
016300
016520
016620
016840
016980
017000
017160
017200
017220
017300
017320
017340
017400
017480
017500
017540
017580
017660
017700
017760
017860
017900
017940
018020
018060
018080
018140
018180
018200
018340
018360
018400
018600
018640
018760
018780
018820
018900
019140
019160
019200
019220
019320
019340
019460
019480
019580
019620
019800
020000
020020
020040
020180
020200
020260
020280
020300
020360
020460
020500
020560
020600
020620
020860
020880
021180
021260
021280
021300
021320
021360
021380
021440
021500
021580
021620
021720
021940
022000
022020
022040
022100
022400
022460
022500
022520
022620
022680
022880
022940
022960
022980
023040
023120
023140
023180
023380
023440
023520
023560
023660
023720
023760
023860
023880
023900
023940
024020
024040
024120
024180
024200
024220
024320
024340
024360
024460
024480
024520
024560
024620
024640
024660
024700
024820
024840
024920
024980
025020
025040
025260
025280
025380
025520
025560
025620
025680
025700
025760
025820
025900
025960
026040
026060
026260
026280
026300
026440
026580
026620
026680
026740
026760
026780
026800
026820
026940
026980
027060
027080
027140
027180
027220
027340
027380
027440
027520
027560
027620
027720
027780
027900
027920
027940
028380
028500
028560
028580
028620
028640
028660
028680
028720
028800
028960
029000
029080
029120
029140
029160
029180
029200
029220
029240
029360
029440
029500
029660
029740
029760
029840
029860
029980
030220
030280
030300
030440
030620
030680
030700
030720
030740
031040
031160
031200
031240
031260
031280
031360
031380
031460
031500
031700
031820
031840
031900
031920
031960
032000
032020
032120
032220
032240
032280
032360
032380
032400
032440
032620
032760
032780
032820
032960
032980
033020
033040
033100
033260
033380
033480
033840
033880
033900
033940
033980
034040
034060
034080
034240
034280
034320
034400
034480
034560
034580
034620
034780
034820
034940
035020
035120
035280
035320
035340
035540
035560
035620
035640
035660
035740
035780
035840
035880
036120
036220
036260
036400
036640
036720
036740
036860
037000
037200
037260
037320
037340
037360
037480
037520
037560
037660
037800
037840
037860
037880
037900
038040
038060
038160
038240
038260
038280
038320
038560
038740
038820
038860
038880
038900
038980
039100
039140
039160
039180
039200
039220
039240
039340
039360
039460
039560
039620
039680
039720
039780
039800
039900
039980
040020
040060
040180
040200
040220
040260
040280
040320
040460
040620
040660
040700
040800
040880
040900
041120
041240
041280
041320
041360
041440
041460
041500
041560
041720
041760
041840
042120
042180
042220
042280
042420
042500
042620
042680
042740
042960
043000
043020
043040
043080
043180
043220
043260
043340
043360
043400
043440
043460
043540
043560
043600
043620
043640
043660
043680
043800
043860
043940
043980
044080
044240
044260
044340
044380
044400
044540
044560
044580
044660
044720
044740
044840
044960
045060
045080
045140
045160
045180
045240
045300
045540
045580
045620
045780
045840
045860
045920
046000
046040
046160
046180
046220
046260
046280
046420
046460
046700
046760
046800
046840
047000
047040
047060
047100
047200
047260
047420
047440
047480
047740
047920
047960
048060
048120
048200
048220
048480
048600
048620
048780
048820
048880
048980
049260
049300
049360
049560
049760
049780
049840
049920
049960
050040
050060
050200
050240
050280
050320
050360
050380
050400
050420
050460
050500
050560
050740
050780
050820
051020
051080
051140
051180
051600
051660
051720
051740
051900
051940
052000
052040
052100
052140
052180
052220
052240
052320
052420
052440
052560
052600
052640
052660
052700
052760
052940
052960
053000
053080
053160
053280
053400
053480
053540
053580
053720
053780
053800
053840
053880
053920
053940
054140
054320
054360
054400
054440
054640
054700
054900
055100
055140
055160
055260
055280
055300
055320
055380
055460
055680
055760
055780
055860
056260
056360
056380
056400
056500
056660
056700
056760
056800
056840
056960
057100
057140
057160
057220
057260
057280
057360
057420
057460
057520
057620
057660
057720
057900
058040
058080
058100
058260
058300
058440
058500
058580
058640
058700
058720
058880
058900
058920
058940
059000
059080
059100
059280
059400
059460
059540
059560
059700
059740
059760
060060
060100
060120
060180
060220
060240
060320
060460
060500
060700
060740
060760
060840
060920
060980
061200
061240
061260
061280
061380
061440
061500
061520
061540
061580
061600
062040
062200
062320
062400
062420
062440
062660
062860
062880
063020
063060
063120
063220
063300
063320
063340
063440
063520
063560
063580
063740
063780
063820
063920
064000
064020
064040
064180
064200
064260
064340
064540
064600
064660
064700
064740
064840
064900
064960
065060
065160
065260
065280
065360
065380
065580
065640
065700
065720
065780
065940
065960
066040
066140
066340
066420
066480
066500
066540
066580
066620
066680
066700
067000
067080
067100
067160
067260
067360
067420
067500
067600
067800
067880
067940
068100
068360
068440
068500
068620
068860
068900
068920
068940
069000
069080
069180
069200
069260
069280
069380
069440
069820
069920
069980
070000
070060
070080
070240
070260
070300
070460
070520
070540
070580
070680
070740
070820
070840
070900
070940
071020
071060
071160
071200
071220
071240
071300
071460
071480
071520
071600
071620
071760
071780
071880
071980
072000
072040
072080
072180
072220
072540
072600
072720
072780
072900
073020
073160
073520
073600
073700
073760
073840
073900
073980
074020
074040
074120
074180
074220
074340
074380
074460
074700
074740
074780
074820
074940
074960
075000
075040
075160
075180
075260
075280
075580
075660
075720
075740
075780
075800
075960
076160
076440
076540
076560
076940
077040
077200
077240
077260
077280
077440
077560
077600
077620
077660
077680
077820
077840
077900
078040
078200
078280
078440
078500
078540
078580
078600
078640
078740
078760
078780
078880
078920
078980
079060
079120
079220
079240
079300
079420
079460
079560
079580
079620
079700
079820
079880
079940
079980
080160
080420
080440
080460
080480
080800
080860
080880
080940
080960
081120
081260
081300
081400
081420
081580
081660
081740
081780
081920
082020
082180
082240
082300
082320
082380
082400
082460
082560
082740
082920
082960
083020
083080
083140
083160
083200
083360
083420
083440
083520
083600
083700
083720
083740
083780
084060
084080
084120
084220
084340
084360
084660
084960
084980
085020
085040
085060
085080
085140
085160
085180
085200
085240
085400
085580
085720
085760
085880
085920
086020
086080
086260
086320
086360
086480
086640
086740
086760
086820
086840
086980
087000
087140
087180
087280
087360
087420
087460
087480
087520
087540
087560
087600
087680
087820
087940
088020
088080
088120
088140
088220
088260
088320
088340
088440
088460
088540
088760
088780
088820
088880
088920
088980
089020
089040
089120
089180
089260
089300
089400
089480
089500
089540
089560
089740
089780
089820
089840
090160
090220
090260
090300
090320
090360
090520
090740
091040
091360
091400
091540
091740
091780
091800
092000
092020
092080
092100
092300
092340
092400
092420
092540
092560
092580
092600
092700
092720
092860
092880
092980
093100
093260
093280
093300
093340
093540
093600
093660
093700
093780
093820
093860
093960
094120
094140
094200
094220
094240
094320
094380
094460
094640
094680
094720
094760
094780
094840
094900
094960
095100
095200
095320
095360
095440
095460
095500
095580
095740
095760
096040
096060
096100
096240
096260
096340
096360
096460
096580
096660
096740
096840
097020
097080
097300
097340
097380
097500
097520
097580
097740
097760
097960
097980
098040
098100
098120
098160
098180
098240
098320
098360
098420
098440
098520
098540
098580
098680
098760
098820
099000
099040
099100
099160
099220
099260
099280
099320
099420
099660
099700
099840
099960
099980
100040
100080
100160
100280
100440
100500
100600
100740
100760
100780
100860
100920
100960
100980
101000
101020
101040
101060
101260
101300
101340
101420
101480
101600
101620
101640
101820
101900
101980
102040
102060
102100
102120
102420
102520
102600
102660
102720
102820
102860
102980
103040
103060
103100
103220
103280
103340
103360
103380
103400
103420
103440
103540
103620
103640
103720
103840
103900
103960
104100
104240
104340
104360
104440
104540
104560
104580
104740
104880
104900
104980
105060
105080
105200
105280
105300
105400
105580
105680
105700
105780
105920
105940
106000
106140
106200
106220
106320
106400
106460
106480
106540
106600
106740
106900
106940
107000
107040
107060
107100
107140
107160
107220
107380
107420
107540
107600
107640
107680
107760
107820
107840
107940
108000
108080
108240
108340
108360
108480
108620
108680
108700
108840
108880
108920
109020
109060
109120
109180
109320
109340
109380
109440
109480
109600
109680
109780
109800
110000
110060
110080
110200
110260
110280
110320
110500
110540
110580
110640
110660
110700
110780
110820
110940
111020
111040
111080
111220
111400
111620
111640
111760
111800
111840
111980
112020
112180
112260
112320
112340
112460
112500
112520
112540
112580
112600
112720
112760
112780
112820
112880
112900
113000
113080
113100
113160
113340
113440
113460
113740
113780
113800
113860
113900
113920
113980
114060
114100
114120
114140
114200
114240
114380
114460
114700
114880
114920
115060
115080
115100
115360
115420
115480
115500
115520
115560
115700
115800
115820
115840
115880
116000
116020
116040
116080
116140
116240
116400
116440
116520
116580
116620
116660
116700
116740
116760
116820
116840
116960
117100
117140
117160
117200
117220
117240
117360
117400
117420
117440
117560
117660
117740
117760
117800
117920
117980
118020
118340
118440
118540
118640
118720
118800
118860
119000
119020
119140
119300
119320
119340
119460
119620
119680
119700
119780
119940
119980
120040
120060
120080
120100
120140
120260
120400
120420
120660
120700
120720
120740
120760
120820
120880
120960
121060
121280
121380
121400
121440
121460
121640
121680
121740
121760
121780
121800
121860
121880
121920
121980
122100
122120
122160
122180
122220
122280
122340
122420
122440
122500
122520
122540
122580
122620
122640
122680
122740
122780
122800
122980
123020
123040
123080
123280
123320
123340
123680
123800
123900
123940
123960
124160
124200
124380
124440
124460
124480
124520
124560
124600
124640
124740
124920
124940
125040
125140
125360
125420
125480
125520
125540
125760
125840
125860
125920
125940
126080
126160
126180
126200
126220
126340
126460
126500
126520
126660
126680
126760
126840
126980
127040
127060
127120
127180
127200
127320
127420
127500
127600
127680
127760
127840
127860
127900
127920
127960
128080
128100
128200
128220
128240
128280
128400
128420
128460
128680
128760
128880
129000
129020
129040
129120
129280
129340
129360
129400
129440
129580
129680
129700
129780
129820
129860
130020
130080
130120
130160
130260
130280
130360
130680
130720
130780
130800
130840
130920
131100
131200
131380
131480
131700
131720
131740
131800
131940
132020
132040
132120
132200
132240
132300
132320
132340
132420
132440
132580
132660
132740
132780
132820
132840
132860
132960
133040
133060
133160
133200
133320
133380
133460
133560
133620
133740
133780
133880
133900
133920
134160
134400
134480
134500
134780
134860
134920
134960
135000
135080
135100
135200
135240
135420
135460
135640
135840
136000
136140
136240
136400
136500
136520
136540
136600
136720
136760
136800
136940
136980
137060
137100
137120
137220
137280
137300
137460
137580
137620
137700
137760
137800
137900
137980
138020
138040
138080
138220
138300
138320
138340
138380
138400
138420
138440
138480
138540
138620
138700
139020
139060
139180
139280
139340
139480
139520
139580
139600
139660
139780
139840
139880
139920
139960
140060
140200
140240
140320
140360
140520
140700
140780
140820
140860
140980
141040
141120
141160
141180
141200
141240
141260
141340
141500
141540
141580
141640
141660
141720
142080
142160
142200
142260
142300
142500
142520
142640
142680
142920
142980
143140
143320
143460
143680
143700
143740
143800
143960
143980
144020
144040
144200
144280
144320
144400
144520
144760
144840
144940
145040
145120
145160
145200
145220
145300
145340
145380
145420
145460
145560
145620
145760
145860
145960
146000
146160
146180
146220
146260
146360
146400
146420
146440
146580
146660
146720
146780
146820
147060
147120
147200
147280
147380
147420
147460
147480
147540
147580
147600
147680
147700
147720
147760
147780
147840
148020
148080
148140
148240
148360
148440
148480
148500
148520
148560
148640
148700
148760
148780
148820
148840
148860
148940
148980
149000
149060
149080
149280
149560
149580
149720
149820
149880
149940
150100
150180
150200
150260
150320
150360
150380
150460
150540
150560
150600
150640
150680
150700
150780
150980
151040
151100
151180
151260
151320
151340
151460
151700
151760
151780
151960
151980
152040
152080
152100
152140
152200
152360
152420
152460
152520
152560
152700
152720
152760
152840
152920
153000
153020
153040
153120
153140
153180
153260
153280
153300
153560
153580
153620
153640
153720
153740
153820
153880
153960
153980
154000
154100
154120
154220
154280
154300
154360
noacc_000580
noacc_001380
noacc_001540
noacc_002040
noacc_002100
noacc_002620
noacc_002860
noacc_003240
noacc_003260
noacc_003720
noacc_003780
noacc_005020
noacc_005320
noacc_005360
noacc_005580
noacc_005780
noacc_006240
noacc_006600
noacc_006640
noacc_007060
noacc_007880
noacc_007920
noacc_007980
noacc_008000
noacc_008280
noacc_008680
noacc_008820
noacc_009080
noacc_009400
noacc_009780
noacc_010220
noacc_010340
noacc_010640
noacc_010720
noacc_011300
noacc_011380
noacc_011460
noacc_011640
noacc_011680
noacc_011720
noacc_012340
noacc_012400
noacc_012580
noacc_013000
noacc_013100
noacc_013340
noacc_013400
noacc_013580
noacc_013640
noacc_013940
noacc_014000
noacc_014340
noacc_014400
noacc_014700
noacc_015400
noacc_015560
noacc_015640
noacc_015840
noacc_015860
noacc_016000
noacc_016300
noacc_016400
noacc_016680
noacc_016840
noacc_016960
noacc_017320
noacc_017440
noacc_017480
noacc_017820
noacc_018040
noacc_018120
noacc_018300
noacc_018340
noacc_018720
noacc_019000
noacc_019140
noacc_019300
noacc_020480
noacc_020860
noacc_021980
noacc_022000
noacc_022580
noacc_022760
noacc_022920
noacc_023300
noacc_024180
noacc_024260
noacc_024900
noacc_025280
noacc_025500
noacc_025520
noacc_025640
noacc_025660
noacc_025920
noacc_026360
noacc_027080
noacc_027720
noacc_028000
noacc_028220
noacc_028380
noacc_028460
noacc_028640
noacc_028920
noacc_029700
noacc_029780
noacc_029940
noacc_030680
noacc_030720
noacc_030880
noacc_031780
noacc_032040
noacc_032100
noacc_032460
noacc_032520
noacc_032720
noacc_033260
noacc_033340
noacc_033420
noacc_033480
noacc_035040
noacc_035420
noacc_035920
noacc_036040
noacc_036280
noacc_037020
noacc_037300
noacc_037380
noacc_037940
noacc_039720
noacc_039880
noacc_040000
noacc_040220
noacc_040540
noacc_040660
noacc_041600
noacc_042060
noacc_042200
noacc_042260
noacc_042860
noacc_042880
noacc_043180
noacc_043500
noacc_043600
noacc_043740
noacc_044060
noacc_044280
noacc_044300
noacc_044320
noacc_044360
noacc_044500
noacc_044940
noacc_046140
noacc_047140
noacc_048020
noacc_048200
noacc_048240
noacc_048960
noacc_049940
noacc_050240
noacc_050260
noacc_050460
noacc_050980
noacc_051640
noacc_051740
noacc_052420
noacc_052840
noacc_053040
noacc_053480
noacc_053540
noacc_053560
noacc_053820
noacc_054000
noacc_054660
noacc_054700
noacc_054860
noacc_054940
noacc_055080
noacc_055120
noacc_055500
noacc_055520
noacc_055580
noacc_055680
noacc_055700
noacc_055740
noacc_056320
noacc_056400
noacc_056480
noacc_057040
noacc_057240
noacc_057560
noacc_057800
noacc_057820
noacc_058440
noacc_058840
noacc_058900
noacc_059260
noacc_059520
noacc_059760
noacc_059920
noacc_059940
noacc_060160
noacc_060260
noacc_060360
noacc_060520
noacc_060540
noacc_060640
noacc_061180
noacc_061260
noacc_061900
noacc_062040
noacc_062420
noacc_062580
noacc_062700
noacc_062760
noacc_062860
noacc_063060
noacc_063180
noacc_063940
noacc_063980
noacc_064140
noacc_064240
noacc_064740
noacc_065160
noacc_065980
noacc_066400
noacc_066700
noacc_066740
noacc_067020
noacc_067060
noacc_067380
noacc_067480
noacc_067500
noacc_068020
noacc_068620
noacc_068800
noacc_068840
noacc_068880
noacc_069200
noacc_069320
noacc_069940
noacc_070220
noacc_070480
noacc_070580
noacc_070860
noacc_071180
noacc_071220
noacc_071380
noacc_071540
noacc_071820
noacc_073040
