000020
000060
000080
000100
000120
000140
000160
000180
000200
000220
000240
000260
000280
000320
000340
000360
000380
000400
000440
000460
000500
000520
000580
000620
000640
000660
000680
000740
000760
000780
000800
000820
000860
000880
000900
000920
000940
001020
001040
001060
001100
001120
001140
001180
001200
001240
001260
001280
001300
001320
001340
001360
001380
001400
001420
001440
001460
001480
001520
001580
001620
001680
001700
001760
001800
001820
001840
001880
001900
001920
001940
001960
002000
002020
002040
002060
002100
002120
002140
002160
002180
002200
002220
002240
002260
002280
002300
002320
002360
002400
002420
002440
002460
002500
002520
002560
002600
002640
002680
002700
002720
002740
002760
002780
002800
002820
002840
002880
002940
002980
003000
003040
003060
003080
003120
003140
003160
003180
003240
003260
003280
003300
003320
003360
003380
003400
003420
003440
003480
003520
003540
003560
003600
003620
003660
003700
003720
003760
003780
003800
003820
003860
003880
003900
003940
003980
004000
004040
004060
004080
004100
004120
004140
004160
004180
004200
004220
004240
004260
004320
004360
004380
004400
004500
004520
004560
004580
004600
004620
004660
004700
004740
004780
004800
004840
004900
004920
004940
004960
004980
005020
005040
005060
005080
005100
005140
005160
005200
005220
005240
005260
005280
005320
005340
005360
005400
005420
005460
005480
005540
005620
005640
005660
005680
005700
005740
005780
005800
005820
005840
005860
005880
005900
005920
005940
005960
006000
006020
006040
006060
006080
006120
006140
006160
006200
006240
006260
006280
006300
006380
006400
006420
006440
006500
006520
006580
006600
006620
006660
006680
006740
006760
006820
006840
006860
006920
006940
006980
007020
007040
007060
007080
007100
007120
007140
007180
007200
007220
007260
007280
007300
007320
007360
007380
007400
007420
007440
007460
007480
007500
007520
007540
007560
007580
007600
007620
007660
007680
007720
007740
007760
007780
007800
007820
007860
007900
007940
007960
008000
008060
008100
008120
008140
008180
008200
008280
008320
008340
008380
008400
008420
008440
008460
008480
008500
008520
008540
008580
008600
008620
008640
008660
008680
008700
008720
008740
008760
008780
008800
008820
008840
008860
008880
008900
008960
009020
009040
009060
009080
009100
009140
009160
009180
009200
009220
009240
009280
009320
009340
009380
009440
009460
009480
009500
009540
009560
009580
009600
009620
009640
009660
009680
009720
009740
009760
009800
009820
009840
009860
009880
009900
009920
009940
009960
009980
010000
010020
010040
010060
010080
010100
010120
010160
010180
010200
010240
010260
010280
010300
010320
010380
010400
010420
010440
010460
010480
010500
010520
010540
010560
010580
010600
010620
010640
010660
010680
010700
010720
010740
010760
010780
010800
010820
010860
010880
010900
010920
010960
010980
011080
011100
011120
011160
011180
011200
011220
011320
011340
011360
011380
011440
011480
011560
011600
011640
011660
011700
011720
011760
011800
011820
011840
011860
011880
011920
011940
011960
011980
012020
012060
012100
012120
012160
012180
012240
012260
012300
012320
012360
012400
012420
012460
012500
012520
012540
012600
012620
012640
012680
012700
012780
012820
012860
012900
012920
012940
012960
012980
013000
013020
013040
013080
013100
013120
013140
013160
013220
013240
013260
013280
013320
013340
013400
013420
013440
013460
013480
013540
013560
013580
013600
013620
013640
013660
013700
013720
013760
013780
013820
013840
013860
013880
013900
013940
013980
014000
014020
014040
014060
014080
014100
014120
014140
014160
014180
014200
014220
014240
014260
014280
014320
014360
014380
014400
014420
014440
014480
014500
014520
014540
014580
014600
014620
014660
014680
014700
014720
014740
014760
014780
014800
014820
014840
014860
014880
014900
014920
014940
014960
014980
015020
015040
015060
015120
015140
015180
015200
015220
015240
015260
015300
015340
015360
015380
015400
015420
015440
015460
015480
015540
015560
015580
015600
015620
015640
015660
015720
015780
015800
015820
015840
015860
015880
015900
015920
015980
016000
016040
016120
016160
016180
016220
016240
016280
016320
016340
016360
016380
016400
016420
016440
016460
016480
016500
016540
016560
016580
016600
016640
016660
016680
016700
016720
016740
016760
016780
016800
016820
016860
016880
016900
016920
016940
016960
017020
017040
017060
017080
017100
017120
017140
017180
017240
017260
017280
017360
017380
017420
017440
017460
017520
017560
017600
017620
017640
017680
017720
017740
017780
017800
017820
017840
017880
017920
017960
017980
018000
018100
018120
018160
018220
018240
018260
018280
018300
018320
018380
018420
018440
018460
018480
018500
018520
018540
018560
018580
018620
018660
018680
018700
018720
018740
018800
018840
018860
018880
018920
018940
018960
018980
019000
019020
019040
019060
019080
019100
019120
019180
019240
019260
019280
019300
019360
019380
019400
019420
019440
019500
019520
019540
019560
019600
019640
019660
019680
019700
019720
019740
019760
019780
019820
019840
019860
019880
019900
019920
019940
019960
019980
020060
020080
020100
020120
020140
020160
020220
020240
020320
020340
020380
020400
020420
020440
020480
020520
020540
020580
020640
020660
020680
020700
020720
020740
020760
020780
020800
020820
020840
020900
020920
020940
020960
020980
021000
021020
021040
021060
021080
021100
021120
021140
021160
021200
021220
021240
021340
021400
021420
021460
021480
021520
021540
021560
021600
021640
021660
021680
021700
021740
021760
021780
021800
021820
021840
021860
021880
021900
021920
021960
021980
022060
022080
022120
022140
022160
022180
022200
022220
022240
022260
022280
022300
022320
022340
022380
022420
022440
022480
022540
022560
022580
022600
022640
022660
022700
022720
022740
022760
022780
022800
022820
022840
022860
022900
022920
023000
023020
023060
023080
023100
023160
023200
023220
023240
023260
023280
023300
023320
023340
023360
023400
023420
023460
023480
023500
023540
023580
023600
023620
023640
023680
023700
023740
023780
023800
023820
023840
023920
023960
023980
024000
024060
024080
024100
024140
024160
024240
024260
024280
024300
024380
024400
024420
024440
024500
024540
024580
024600
024680
024720
024740
024760
024780
024800
024860
024880
024900
024940
024960
025000
025060
025080
025100
025120
025140
025160
025180
025200
025220
025240
025300
025320
025340
025360
025400
025420
025440
025460
025480
025500
025540
025580
025600
025640
025660
025720
025740
025780
025800
025840
025860
025880
025920
025940
025980
026000
026020
026080
026100
026120
026140
026160
026180
026200
026220
026240
026340
026360
026380
026400
026420
026460
026480
026500
026520
026540
026560
026600
026640
026660
026700
026720
026840
026860
026880
026900
026920
026960
027000
027020
027040
027100
027120
027160
027200
027240
027260
027280
027300
027320
027360
027400
027420
027480
027500
027540
027580
027600
027640
027660
027680
027700
027740
027760
027800
027820
027840
027860
027880
027960
027980
028000
028020
028040
028060
028080
028100
028120
028140
028160
028180
028200
028220
028240
028260
028280
028300
028320
028340
028360
028400
028420
028440
028460
028480
028520
028540
028600
028700
028740
028760
028780
028820
028840
028860
028880
028900
028920
028940
028980
029020
029060
029100
029260
029280
029300
029320
029340
029380
029400
029420
029460
029480
029520
029540
029560
029580
029600
029620
029640
029680
029700
029720
029780
029800
029820
029880
029900
029920
029940
029960
030000
030020
030040
030060
030080
030100
030120
030140
030160
030180
030200
030240
030260
030320
030340
030360
030380
030400
030420
030460
030480
030500
030520
030540
030560
030580
030600
030640
030660
030760
030780
030800
030820
030840
030860
030880
030900
030920
030940
030960
030980
031000
031020
031060
031080
031100
031120
031140
031180
031220
031300
031320
031340
031400
031420
031440
031480
031520
031540
031560
031580
031600
031620
031640
031660
031680
031720
031740
031760
031780
031800
031860
031880
031940
031980
032040
032060
032080
032100
032140
032160
032180
032200
032260
032300
032320
032340
032420
032460
032480
032500
032520
032540
032560
032580
032600
032640
032660
032680
032700
032720
032740
032800
032840
032860
032880
032900
032920
032940
033000
033060
033080
033120
033140
033160
033180
033200
033220
033240
033280
033300
033320
033340
033360
033400
033420
033440
033460
033500
033520
033540
033560
033580
033600
033620
033640
033660
033680
033700
033720
033740
033760
033780
033800
033820
033860
033920
033960
034000
034020
034100
034120
034140
034160
034180
034200
034220
034260
034300
034340
034360
034380
034420
034440
034460
034500
034520
034540
034600
034640
034660
034680
034700
034720
034740
034760
034800
034840
034860
034880
034900
034920
034960
034980
035000
035040
035060
035080
035100
035160
035180
035200
035220
035240
035260
035300
035360
035380
035400
035420
035440
035460
035480
035500
035520
035580
035600
035680
035700
035720
035760
035800
035820
035860
035900
035920
035940
035960
035980
036000
036020
036040
036060
036080
036100
036140
036160
036180
036200
036240
036280
036300
036320
036340
036360
036380
036420
036440
036460
036480
036500
036520
036540
036560
036580
036600
036620
036660
036680
036700
036760
036780
036800
036820
036840
036880
036900
036920
036940
036960
036980
037020
037040
037060
037080
037100
037120
037140
037160
037180
037220
037240
037280
037300
037380
037400
037420
037440
037460
037500
037540
037580
037600
037620
037640
037680
037700
037720
037740
037760
037780
037820
037920
037940
037960
037980
038000
038020
038080
038100
038120
038140
038180
038200
038220
038300
038340
038360
038380
038400
038420
038440
038460
038480
038500
038520
038540
038580
038600
038620
038640
038660
038680
038700
038720
038760
038780
038800
038840
038920
038940
038960
039000
039020
039040
039060
039080
039120
039260
039280
039300
039320
039380
039400
039420
039440
039480
039500
039520
039540
039580
039600
039640
039660
039700
039740
039760
039820
039840
039860
039880
039920
039940
039960
040000
040040
040080
040100
040120
040140
040160
040240
040300
040340
040360
040380
040400
040420
040440
040480
040500
040520
040540
040560
040580
040600
040640
040680
040720
040740
040760
040780
040820
040840
040860
040920
040940
040960
040980
041000
041020
041040
041060
041080
041140
041160
041180
041200
041220
041260
041300
041340
041380
041400
041420
041480
041520
041540
041580
041600
041620
041640
041660
041680
041700
041740
041780
041800
041820
041860
041880
041900
041920
041940
041960
041980
042000
042020
042040
042060
042080
042100
042140
042160
042200
042240
042260
042300
042320
042340
042360
042380
042400
042440
042460
042480
042520
042540
042560
042580
042600
042640
042660
042700
042720
042760
042780
042800
042820
042840
042860
042880
042900
042920
042940
042980
043060
043100
043120
043140
043160
043200
043240
043280
043300
043320
043380
043420
043480
043500
043520
043580
043700
043720
043740
043760
043780
043820
043840
043880
043900
043920
043960
044000
044020
044040
044060
044100
044120
044140
044160
044180
044200
044220
044280
044300
044320
044360
044420
044440
044460
044480
044500
044520
044600
044620
044640
044680
044700
044760
044780
044800
044820
044860
044880
044900
044920
044940
044980
045000
045020
045040
045100
045120
045200
045220
045260
045280
045320
045340
045360
045380
045400
045420
045440
045460
045480
045500
045520
045560
045600
045640
045660
045680
045700
045720
045740
045760
045800
045820
045880
045900
045940
045960
045980
046020
046060
046080
046100
046120
046140
046200
046240
046300
046320
046340
046360
046380
046400
046440
046480
046500
046520
046540
046560
046580
046600
046620
046640
046660
046680
046720
046740
046780
046820
046860
046880
046900
046920
046940
046960
046980
047020
047080
047120
047140
047160
047180
047220
047240
047280
047300
047320
047340
047360
047380
047400
047460
047500
047520
047540
047560
047580
047600
047620
047640
047660
047680
047700
047720
047760
047780
047800
047820
047840
047860
047880
047900
047940
047980
048000
048020
048040
048080
048100
048140
048160
048180
048240
048260
048280
048300
048320
048340
048360
048380
048400
048420
048440
048460
048500
048520
048540
048560
048580
048640
048660
048680
048700
048720
048740
048760
048800
048840
048900
048920
048940
048960
049000
049020
049040
049060
049080
049100
049120
049140
049160
049180
049200
049220
049240
049280
049320
049340
049380
049400
049420
049440
049460
049480
049500
049520
049540
049580
049600
049620
049640
049660
049680
049700
049720
049740
049800
049820
049860
049880
049900
049940
049980
050000
050020
050080
050100
050120
050140
050160
050180
050220
050260
050300
050340
050440
050480
050520
050540
050580
050600
050620
050640
050660
050680
050700
050720
050760
050800
050840
050860
050880
050900
050920
050940
050960
050980
051000
051040
051060
051100
051120
051160
051200
051220
051240
051260
051280
051300
051320
051340
051360
051380
051400
051420
051440
051460
051480
051500
051520
051540
051560
051580
051620
051640
051680
051700
051760
051780
051800
051820
051840
051860
051880
051920
051960
051980
052020
052060
052080
052120
052160
052200
052260
052280
052300
052340
052360
052380
052400
052460
052480
052500
052520
052540
052580
052620
052680
052720
052740
052780
052800
052820
052840
052860
052880
052900
052920
052980
053020
053040
053060
053100
053120
053140
053180
053200
053220
053240
053260
053300
053320
053340
053360
053380
053420
053440
053460
053500
053520
053560
053600
053620
053640
053660
053680
053700
053740
053760
053820
053860
053900
053960
053980
054000
054020
054040
054060
054080
054100
054120
054160
054180
054200
054220
054240
054260
054280
054300
054340
054380
054420
054460
054480
054500
054520
054540
054560
054580
054600
054620
054660
054680
054720
054740
054760
054780
054800
054820
054840
054860
054880
054920
054940
054960
054980
055000
055020
055040
055060
055080
055120
055180
055200
055220
055240
055340
055360
055400
055420
055440
055480
055500
055520
055540
055560
055580
055600
055620
055640
055660
055700
055720
055740
055800
055820
055840
055880
055900
055920
055940
055960
055980
056000
056020
056040
056060
056080
056100
056120
056140
056160
056180
056200
056220
056240
056280
056300
056320
056340
056420
056440
056460
056480
056520
056540
056560
056580
056600
056620
056640
056680
056720
056740
056780
056820
056860
056880
056900
056920
056940
056980
057000
057020
057040
057060
057080
057120
057180
057200
057240
057300
057320
057340
057380
057400
057440
057480
057500
057540
057560
057580
057600
057640
057680
057700
057740
057760
057780
057800
057820
057840
057860
057880
057920
057940
057960
057980
058000
058020
058060
058120
058140
058160
058180
058200
058220
058240
058280
058320
058340
058360
058380
058400
058420
058460
058480
058520
058540
058560
058600
058620
058660
058680
058740
058760
058780
058800
058820
058840
058860
058960
058980
059020
059040
059120
059140
059160
059180
059200
059220
059240
059260
059300
059320
059340
059360
059380
059420
059440
059480
059500
059520
059580
059600
059620
059640
059660
059680
059720
059780
059800
059820
059840
059860
059880
059900
059920
059940
059960
059980
060000
060020
060040
060080
060140
060160
060200
060260
060280
060300
060340
060360
060380
060400
060420
060440
060480
060520
060540
060560
060580
060600
060640
060660
060680
060720
060780
060800
060820
060860
060880
060900
060940
060960
061000
061020
061040
061060
061080
061100
061120
061140
061160
061180
061220
061300
061320
061340
061360
061400
061420
061460
061480
061560
061620
061640
061660
061680
061700
061720
061740
061760
061780
061800
061820
061840
061860
061880
061900
061920
061940
061960
061980
062000
062020
062060
062080
062100
062120
062140
062160
062180
062220
062240
062260
062280
062300
062340
062360
062380
062460
062480
062500
062520
062540
062560
062580
062600
062620
062640
062680
062700
062720
062740
062760
062780
062800
062820
062840
062900
062920
062940
062960
062980
063000
063040
063080
063100
063140
063160
063180
063200
063240
063260
063280
063360
063380
063400
063420
063460
063480
063500
063540
063600
063620
063640
063660
063680
063700
063720
063760
063800
063840
063860
063880
063900
063940
063960
063980
064060
064080
064100
064120
064140
064160
064220
064240
064280
064300
064320
064360
064380
064400
064420
064440
064460
064480
064500
064520
064560
064580
064620
064640
064680
064720
064760
064780
064800
064820
064860
064880
064920
064940
064980
065000
065020
065040
065080
065100
065120
065140
065180
065200
065220
065240
065300
065320
065340
065400
065420
065440
065460
065480
065500
065520
065540
065560
065600
065620
065660
065680
065740
065760
065800
065820
065840
065860
065880
065900
065920
065980
066000
066020
066060
066080
066100
066120
066160
066180
066200
066220
066240
066260
066280
066300
066320
066360
066380
066400
066440
066460
066520
066560
066600
066640
066660
066720
066740
066760
066780
066800
066820
066840
066860
066880
066900
066920
066940
066960
066980
067020
067040
067060
067120
067140
067180
067200
067220
067240
067280
067300
067320
067340
067380
067400
067440
067480
067520
067540
067560
067580
067620
067640
067660
067680
067700
067720
067740
067760
067780
067820
067840
067860
067900
067920
067960
067980
068000
068020
068040
068060
068080
068120
068140
068160
068180
068200
068220
068240
068260
068280
068300
068320
068340
068380
068400
068420
068460
068480
068520
068540
068560
068580
068600
068640
068660
068680
068700
068720
068740
068760
068780
068800
068820
068840
068880
068960
068980
069020
069040
069060
069100
069120
069140
069160
069220
069240
069300
069320
069340
069360
069400
069420
069460
069480
069500
069520
069540
069560
069580
069600
069620
069640
069660
069680
069700
069720
069740
069760
069780
069800
069840
069860
069880
069900
069940
069960
070020
070040
070100
070120
070140
070160
070180
070200
070220
070280
070320
070340
070360
070380
070400
070420
070440
070480
070500
070560
070600
070620
070640
070660
070700
070720
070760
070780
070800
070860
070880
070920
070960
070980
071000
071040
071080
071100
071120
071140
071180
071260
071280
071320
071340
071360
071380
071400
071420
071440
071500
071540
071560
071580
071640
071660
071680
071700
071720
071740
071800
071820
071840
071860
071900
071920
071940
071960
072020
072060
072100
072120
072140
072160
072200
072240
072260
072280
072300
072320
072340
072360
072380
072400
072420
072440
072460
072480
072500
072520
072560
072580
072620
072640
072660
072680
072700
072740
072760
072800
072820
072840
072860
072880
072920
072940
072960
072980
073000
073040
073060
073080
073100
073120
073140
073180
073200
073220
073240
073260
073280
073300
073320
073340
073360
073380
073400
073420
073440
073460
073480
073500
073540
073560
073580
073620
073640
073660
073680
073720
073740
073780
073800
073820
073860
073880
073920
073940
073960
074000
074060
074080
074100
074140
074160
074200
074240
074260
074280
074300
074320
074360
074400
074420
074440
074480
074500
074520
074540
074560
074580
074600
074620
074640
074660
074680
074720
074760
074800
074840
074860
074880
074900
074920
074980
075020
075060
075080
075100
075120
075140
075200
075220
075240
075300
075320
075340
075360
075380
075400
075420
075440
075460
075480
075500
075520
075540
075560
075600
075620
075640
075680
075700
075760
075820
075840
075860
075880
075900
075920
075940
075980
076000
076020
076040
076060
076080
076100
076120
076140
076180
076200
076220
076240
076260
076280
076300
076320
076340
076360
076380
076400
076420
076460
076480
076500
076520
076580
076600
076620
076640
076660
076680
076700
076720
076740
076760
076780
076800
076820
076840
076860
076880
076900
076920
076960
076980
077000
077020
077060
077080
077100
077120
077140
077160
077180
077220
077300
077320
077340
077360
077380
077400
077420
077460
077480
077500
077520
077540
077580
077640
077700
077720
077740
077760
077780
077800
077860
077880
077920
077940
077960
077980
078000
078020
078060
078080
078100
078120
078140
078160
078180
078220
078240
078260
078300
078320
078340
078360
078380
078400
078420
078460
078480
078520
078560
078620
078660
078680
078700
078720
078800
078820
078840
078860
078900
078940
078960
079000
079020
079040
079080
079100
079140
079160
079180
079200
079260
079280
079320
079340
079360
079380
079400
079440
079480
079500
079520
079540
079600
079640
079660
079680
079720
079740
079760
079780
079800
079840
079860
079900
079920
079960
080000
080020
080040
080060
080080
080100
080140
080180
080200
080220
080240
080260
080280
080300
080320
080340
080360
080380
080400
080500
080520
080540
080560
080580
080600
080620
080640
080660
080680
080700
080720
080740
080760
080780
080820
080840
080900
080920
080980
081000
081020
081040
081060
081080
081100
081140
081160
081180
081200
081220
081240
081280
081320
081340
081360
081380
081440
081460
081500
081520
081540
081560
081600
081620
081640
081680
081700
081720
081760
081800
081820
081840
081860
081880
081900
081940
081960
081980
082000
082040
082060
082080
082100
082120
082140
082160
082200
082220
082260
082280
082340
082360
082420
082440
082480
082500
082520
082540
082580
082600
082620
082640
082660
082680
082700
082720
082760
082780
082800
082820
082840
082860
082880
082900
082940
082980
083000
083040
083060
083100
083120
083180
083220
083240
083260
083280
083300
083320
083340
083380
083400
083460
083480
083500
083540
083560
083580
083620
083640
083660
083680
083760
083800
083820
083840
083860
083880
083900
083920
083940
083960
083980
084000
084020
084040
084100
084140
084160
084180
084200
084240
084260
084280
084300
084320
084380
084400
084420
084440
084460
084480
084500
084520
084540
084560
084580
084600
084620
084640
084680
084700
084720
084740
084760
084780
084800
084820
084840
084860
084880
084900
084920
084940
085000
085100
085120
085220
085260
085280
085300
085320
085340
085360
085380
085420
085440
085460
085480
085500
085520
085540
085560
085600
085620
085640
085660
085680
085700
085740
085780
085800
085820
085840
085860
085900
085940
085960
085980
086000
086040
086060
086100
086120
086140
086160
086180
086200
086220
086240
086280
086300
086340
086380
086400
086420
086440
086460
086500
086520
086540
086560
086580
086600
086620
086660
086680
086700
086720
086780
086800
086860
086880
086900
086920
086940
086960
087020
087040
087060
087080
087100
087120
087160
087200
087220
087240
087260
087300
087320
087340
087380
087400
087440
087500
087580
087620
087640
087660
087700
087720
087740
087760
087780
087800
087840
087860
087880
087900
087920
087960
087980
088000
088040
088060
088100
088160
088180
088200
088240
088280
088300
088360
088380
088400
088420
088480
088500
088520
088560
088580
088600
088620
088640
088660
088680
088700
088720
088740
088800
088840
088860
088900
088940
088960
089000
089060
089080
089100
089140
089160
089200
089220
089240
089320
089340
089360
089380
089420
089440
089460
089520
089580
089600
089620
089640
089660
089680
089700
089720
089760
089800
089860
089880
089900
089920
089940
089960
089980
090000
090020
090040
090060
090080
090100
090120
090140
090180
090200
090240
090280
090340
090380
090400
090420
090440
090460
090480
090540
090560
090580
090600
090620
090640
090660
090680
090700
090720
090760
090780
090800
090820
090840
090860
090880
090900
090920
090940
090960
090980
091000
091020
091060
091080
091100
091120
091140
091160
091180
091200
091220
091240
091260
091280
091300
091320
091340
091380
091420
091440
091460
091480
091500
091520
091560
091580
091600
091640
091660
091680
091700
091720
091760
091820
091840
091860
091880
091900
091920
091940
091960
091980
092040
092060
092120
092140
092160
092180
092200
092220
092240
092260
092280
092320
092360
092380
092440
092460
092480
092500
092520
092620
092640
092660
092680
092740
092760
092780
092800
092820
092840
092900
092920
092940
092960
093000
093020
093040
093060
093080
093120
093140
093180
093200
093220
093240
093320
093360
093380
093400
093420
093440
093460
093480
093500
093520
093560
093580
093620
093640
093680
093720
093740
093760
093800
093840
093880
093900
093920
093940
093980
094000
094020
094040
094060
094080
094100
094160
094180
094260
094280
094300
094340
094360
094400
094420
094440
094480
094500
094520
094540
094560
094580
094600
094620
094660
094700
094740
094800
094820
094860
094880
094920
094940
094980
095000
095020
095040
095060
095080
095120
095140
095160
095180
095220
095240
095260
095280
095300
095340
095380
095400
095420
095480
095520
095540
095560
095600
095620
095640
095660
095680
095700
095720
095780
095800
095820
095840
095860
095880
095900
095920
095940
095960
095980
096000
096020
096080
096120
096140
096160
096180
096200
096220
096280
096300
096320
096380
096400
096420
096440
096480
096500
096520
096540
096560
096600
096620
096640
096680
096700
096720
096760
096780
096800
096820
096860
096880
096900
096920
096940
096960
096980
097000
097040
097060
097100
097120
097140
097160
097180
097200
097220
097240
097260
097280
097320
097360
097400
097420
097440
097460
097480
097540
097560
097600
097620
097640
097660
097680
097700
097720
097780
097800
097820
097840
097860
097880
097900
097920
097940
098000
098020
098060
098080
098140
098200
098220
098260
098280
098300
098340
098380
098400
098460
098480
098500
098560
098600
098620
098640
098660
098700
098720
098740
098780
098800
098840
098860
098880
098900
098920
098940
098960
098980
099020
099060
099080
099120
099140
099180
099200
099240
099300
099340
099360
099380
099400
099440
099460
099480
099500
099520
099540
099560
099580
099600
099620
099640
099680
099720
099740
099760
099780
099800
099820
099860
099880
099900
099920
099940
100000
100020
100060
100100
100120
100140
100180
100200
100220
100240
100260
100300
100320
100340
100360
100380
100400
100420
100460
100480
100520
100540
100560
100580
100620
100640
100660
100680
100700
100720
100800
100820
100840
100880
100900
100940
101080
101100
101120
101140
101160
101180
101200
101220
101240
101280
101320
101360
101380
101400
101440
101460
101500
101520
101540
101560
101580
101660
101680
101700
101720
101740
101760
101780
101800
101840
101860
101880
101920
101940
101960
102000
102020
102080
102140
102160
102180
102200
102220
102240
102260
102280
102300
102320
102340
102360
102380
102400
102440
102460
102480
102500
102540
102560
102580
102620
102640
102680
102700
102740
102760
102780
102800
102880
102900
102920
102940
102960
103000
103020
103080
103120
103140
103160
103180
103200
103240
103260
103300
103320
103460
103480
103500
103520
103560
103580
103600
103660
103680
103700
103740
103760
103780
103800
103820
103860
103880
103920
103940
103980
104000
104020
104040
104060
104080
104120
104140
104160
104180
104200
104220
104260
104280
104300
104320
104380
104400
104420
104460
104480
104500
104520
104600
104620
104640
104660
104680
104700
104720
104760
104780
104800
104820
104840
104860
104920
104940
104960
105000
105020
105040
105100
105120
105140
105160
105180
105220
105240
105260
105320
105340
105360
105380
105420
105460
105480
105500
105520
105540
105560
105600
105620
105640
105660
105720
105740
105760
105800
105820
105840
105860
105880
105900
105960
105980
106020
106040
106060
106080
106100
106120
106160
106180
106240
106260
106280
106300
106340
106360
106380
106420
106440
106500
106520
106560
106580
106620
106640
106660
106680
106700
106720
106760
106780
106800
106820
106840
106860
106880
106920
106960
106980
107020
107080
107180
107200
107240
107260
107280
107300
107320
107340
107360
107400
107440
107460
107480
107500
107520
107560
107580
107620
107660
107700
107720
107740
107780
107800
107860
107880
107900
107920
107960
107980
108020
108040
108060
108100
108120
108140
108160
108180
108200
108220
108280
108300
108320
108380
108400
108420
108440
108460
108500
108520
108540
108560
108580
108600
108640
108660
108720
108740
108760
108780
108800
108820
108860
108900
108940
108960
108980
109000
109040
109080
109100
109140
109160
109200
109220
109240
109260
109280
109300
109360
109400
109420
109460
109500
109520
109540
109560
109580
109620
109640
109660
109700
109720
109740
109760
109820
109840
109860
109880
109900
109920
109940
109960
109980
110020
110040
110100
110120
110140
110160
110180
110220
110240
110300
110340
110360
110380
110400
110420
110440
110460
110480
110520
110560
110600
110620
110680
110720
110740
110760
110800
110840
110860
110880
110900
110920
110960
110980
111000
111060
111100
111120
111140
111160
111180
111200
111240
111260
111280
111300
111320
111340
111360
111380
111420
111440
111460
111480
111500
111520
111540
111560
111580
111600
111660
111680
111700
111720
111740
111780
111820
111860
111880
111900
111920
111940
111960
112000
112040
112060
112080
112100
112120
112140
112160
112200
112220
112240
112280
112300
112360
112380
112400
112420
112440
112480
112560
112620
112640
112660
112680
112700
112740
112800
112840
112860
112920
112940
112960
112980
113020
113040
113060
113120
113140
113180
113200
113220
113240
113260
113280
113300
113320
113360
113380
113400
113420
113480
113500
113520
113540
113560
113580
113600
113620
113640
113660
113680
113700
113720
113760
113820
113840
113880
113940
113960
114000
114020
114040
114080
114160
114180
114220
114260
114280
114300
114320
114340
114360
114400
114420
114440
114480
114500
114520
114540
114560
114580
114600
114620
114640
114660
114680
114720
114740
114760
114780
114800
114820
114840
114860
114900
114940
114960
114980
115000
115020
115040
115120
115140
115160
115180
115200
115220
115240
115260
115300
115320
115340
115380
115400
115440
115460
115540
115580
115600
115620
115640
115660
115680
115720
115740
115760
115780
115860
115900
115920
115940
115960
115980
116100
116120
116160
116180
116200
116220
116260
116280
116300
116320
116340
116360
116380
116420
116460
116480
116500
116540
116560
116600
116640
116680
116720
116780
116800
116860
116880
116900
116920
116940
116980
117000
117020
117040
117060
117080
117120
117180
117260
117280
117300
117320
117340
117380
117460
117480
117500
117520
117540
117580
117600
117620
117640
117680
117700
117720
117780
117820
117840
117860
117880
117900
117940
117960
118000
118040
118060
118080
118100
118120
118160
118180
118200
118220
118240
118260
118280
118300
118320
118360
118380
118400
118420
118460
118480
118500
118520
118560
118580
118600
118620
118660
118680
118700
118740
118760
118780
118820
118840
118880
118900
118920
118940
118960
118980
119040
119060
119080
119100
119120
119160
119180
119200
119220
119240
119260
119280
119360
119380
119400
119420
119440
119480
119500
119520
119540
119560
119580
119600
119640
119660
119720
119740
119760
119800
119820
119840
119860
119880
119900
119920
119960
120000
120020
120120
120160
120180
120200
120220
120240
120280
120300
120320
120340
120360
120380
120440
120460
120480
120500
120520
120540
120560
120580
120600
120620
120640
120680
120780
120800
120840
120860
120900
120920
120940
120980
121000
121020
121040
121080
121100
121120
121140
121160
121180
121200
121220
121240
121260
121300
121320
121340
121360
121420
121480
121500
121520
121540
121560
121580
121600
121620
121660
121700
121720
121820
121840
121900
121940
121960
122000
122020
122040
122060
122080
122140
122200
122240
122260
122300
122320
122360
122380
122400
122460
122480
122560
122600
122660
122700
122720
122760
122820
122840
122860
122880
122900
122920
122940
122960
123000
123060
123100
123120
123140
123160
123180
123200
123220
123240
123260
123300
123360
123380
123400
123420
123440
123460
123480
123500
123520
123540
123560
123580
123600
123620
123640
123660
123700
123720
123740
123760
123780
123820
123840
123860
123880
123920
123980
124000
124020
124040
124060
124080
124100
124120
124140
124180
124220
124240
124260
124280
124300
124320
124340
124360
124400
124420
124500
124540
124580
124620
124660
124680
124700
124720
124760
124780
124800
124820
124840
124860
124880
124900
124960
124980
125000
125020
125060
125080
125100
125120
125160
125180
125200
125220
125240
125260
125280
125300
125320
125340
125380
125400
125440
125460
125500
125560
125580
125600
125620
125640
125660
125680
125700
125720
125740
125780
125800
125820
125880
125900
125960
125980
126000
126020
126040
126060
126100
126120
126140
126240
126260
126280
126300
126320
126360
126380
126400
126420
126440
126480
126540
126560
126580
126600
126620
126640
126700
126720
126740
126780
126800
126820
126860
126880
126900
126920
126940
126960
127000
127020
127080
127100
127140
127160
127220
127240
127260
127280
127300
127340
127360
127380
127400
127440
127460
127480
127520
127540
127560
127580
127620
127640
127660
127700
127720
127740
127780
127800
127820
127880
127940
127980
128000
128020
128040
128060
128120
128140
128160
128180
128260
128300
128320
128340
128360
128380
128440
128480
128500
128520
128540
128560
128580
128600
128620
128640
128660
128700
128720
128740
128780
128800
128820
128840
128860
128900
128920
128940
128960
128980
129060
129080
129100
129140
129160
129180
129200
129220
129240
129260
129300
129320
129380
129420
129460
129480
129500
129520
129540
129560
129600
129620
129640
129660
129720
129740
129760
129800
129840
129880
129900
129920
129940
129960
129980
130000
130040
130060
130100
130140
130180
130200
130220
130240
130300
130320
130340
130380
130400
130420
130440
130460
130480
130500
130520
130540
130560
130580
130600
130620
130640
130660
130700
130740
130760
130820
130860
130880
130900
130940
130960
130980
131000
131020
131040
131060
131080
131120
131140
131160
131180
131220
131240
131260
131280
131300
131320
131340
131360
131400
131420
131440
131460
131500
131520
131540
131560
131580
131600
131620
131640
131660
131680
131760
131780
131820
131840
131860
131880
131900
131920
131960
131980
132000
132060
132080
132100
132140
132160
132180
132220
132260
132280
132360
132380
132400
132460
132480
132500
132520
132540
132560
132600
132620
132640
132680
132700
132720
132760
132800
132880
132900
132920
132940
132980
133000
133020
133080
133100
133120
133140
133180
133220
133240
133260
133280
133300
133340
133360
133400
133420
133440
133480
133500
133520
133540
133580
133600
133640
133660
133680
133700
133720
133760
133800
133820
133840
133860
133940
133960
133980
134000
134020
134040
134060
134080
134100
134120
134140
134180
134200
134220
134240
134260
134280
134300
134320
134340
134360
134380
134420
134440
134460
134520
134540
134560
134580
134600
134620
134640
134660
134680
134700
134720
134740
134760
134800
134820
134840
134880
134900
134940
134980
135020
135040
135060
135120
135140
135160
135180
135220
135260
135280
135300
135320
135340
135360
135380
135400
135440
135480
135500
135520
135540
135560
135580
135600
135620
135660
135680
135700
135720
135740
135760
135780
135800
135820
135860
135880
135920
135940
135960
135980
136020
136040
136060
136080
136100
136120
136160
136180
136200
136220
136260
136280
136300
136320
136340
136360
136380
136420
136440
136460
136480
136560
136580
136620
136640
136660
136680
136700
136740
136780
136820
136840
136860
136880
136900
136920
136960
137000
137020
137040
137080
137140
137160
137180
137200
137240
137260
137320
137340
137360
137380
137400
137420
137440
137480
137500
137520
137540
137560
137600
137640
137660
137680
137720
137740
137780
137820
137840
137860
137880
137920
137940
137960
138000
138060
138100
138120
138140
138160
138180
138200
138240
138260
138280
138360
138460
138500
138520
138560
138580
138600
138640
138660
138680
138720
138740
138760
138780
138800
138820
138840
138860
138880
138900
138920
138940
138960
138980
139000
139040
139080
139100
139120
139140
139160
139200
139220
139240
139260
139300
139320
139360
139380
139400
139420
139440
139460
139500
139540
139560
139620
139640
139680
139700
139720
139740
139760
139800
139820
139860
139900
139940
139980
140000
140020
140040
140080
140100
140120
140140
140160
140180
140220
140260
140280
140300
140340
140380
140400
140420
140440
140460
140480
140500
140540
140560
140580
140600
140620
140640
140660
140680
140720
140740
140760
140800
140840
140880
140900
140920
140940
140960
141000
141020
141060
141080
141100
141140
141220
141280
141300
141320
141360
141380
141400
141420
141440
141460
141480
141520
141560
141600
141620
141680
141700
141740
141760
141780
141800
141820
141840
141860
141880
141900
141920
141940
141960
141980
142000
142020
142040
142060
142100
142120
142140
142180
142220
142240
142280
142320
142340
142360
142380
142400
142420
142440
142460
142480
142540
142560
142580
142600
142620
142660
142700
142720
142740
142760
142780
142800
142820
142840
142860
142880
142900
142940
142960
143000
143020
143040
143060
143080
143100
143120
143160
143180
143200
143220
143240
143260
143280
143300
143340
143360
143380
143400
143420
143440
143480
143500
143520
143540
143560
143580
143600
143620
143640
143660
143720
143760
143780
143820
143840
143860
143880
143900
143920
143940
144000
144060
144080
144100
144120
144140
144160
144180
144220
144240
144260
144300
144340
144360
144380
144420
144440
144460
144480
144500
144540
144560
144580
144600
144620
144640
144660
144680
144700
144720
144740
144780
144800
144820
144860
144880
144900
144920
144960
144980
145000
145020
145060
145080
145100
145140
145180
145240
145260
145280
145320
145360
145400
145440
145480
145500
145520
145540
145580
145600
145640
145660
145680
145700
145720
145740
145780
145800
145820
145840
145880
145900
145920
145940
145980
146020
146040
146060
146100
146120
146140
146200
146240
146280
146300
146320
146340
146380
146460
146480
146500
146520
146540
146560
146600
146620
146640
146680
146700
146740
146760
146800
146840
146860
146880
146900
146920
146940
146960
146980
147000
147020
147040
147080
147100
147140
147160
147180
147220
147240
147260
147300
147320
147340
147360
147400
147440
147500
147520
147560
147620
147640
147660
147740
147800
147820
147860
147880
147900
147920
147940
147960
147980
148000
148040
148060
148100
148120
148160
148180
148200
148220
148260
148280
148300
148320
148340
148380
148400
148420
148460
148540
148580
148600
148620
148660
148680
148720
148740
148800
148880
148900
148920
148960
149020
149040
149100
149120
149140
149160
149180
149200
149220
149240
149260
149300
149320
149340
149360
149380
149400
149420
149440
149460
149480
149500
149520
149540
149600
149620
149640
149660
149680
149700
149740
149760
149780
149800
149840
149860
149900
149920
149960
149980
150000
150020
150040
150060
150080
150120
150140
150160
150220
150240
150280
150300
150340
150400
150420
150440
150480
150500
150520
150580
150620
150660
150720
150740
150760
150800
150820
150840
150860
150880
150900
150920
150940
150960
151000
151020
151060
151080
151120
151140
151160
151200
151220
151240
151280
151300
151360
151380
151400
151420
151440
151480
151500
151520
151540
151560
151580
151600
151620
151640
151660
151680
151720
151740
151800
151820
151840
151860
151880
151900
151920
151940
152000
152020
152060
152120
152160
152180
152220
152240
152260
152280
152300
152320
152340
152380
152400
152440
152480
152500
152540
152580
152600
152620
152640
152660
152680
152740
152780
152800
152820
152860
152880
152900
152940
152960
152980
153060
153080
153100
153160
153200
153220
153240
153320
153340
153360
153380
153400
153420
153440
153460
153480
153500
153520
153540
153600
153660
153680
153700
153760
153780
153800
153840
153860
153900
153920
153940
154020
154040
154060
154080
154140
154160
154180
154200
154240
154260
154320
154340
154380
noacc_000000
noacc_000020
noacc_000040
noacc_000060
noacc_000080
noacc_000100
noacc_000120
noacc_000160
noacc_000180
noacc_000200
noacc_000220
noacc_000240
noacc_000260
noacc_000280
noacc_000300
noacc_000320
noacc_000340
noacc_000360
noacc_000380
noacc_000400
noacc_000420
noacc_000440
noacc_000460
noacc_000480
noacc_000500
noacc_000520
noacc_000540
noacc_000560
noacc_000600
noacc_000620
noacc_000640
noacc_000660
noacc_000680
noacc_000700
noacc_000720
noacc_000740
noacc_000760
noacc_000780
noacc_000800
noacc_000820
noacc_000840
noacc_000860
noacc_000880
noacc_000900
noacc_000920
noacc_000940
noacc_000960
noacc_000980
noacc_001000
noacc_001020
noacc_001040
noacc_001060
noacc_001080
noacc_001100
noacc_001120
noacc_001140
noacc_001160
noacc_001180
noacc_001200
noacc_001220
noacc_001240
noacc_001260
noacc_001280
noacc_001300
noacc_001320
noacc_001340
noacc_001360
noacc_001400
noacc_001420
noacc_001440
noacc_001460
noacc_001480
noacc_001500
noacc_001520
noacc_001560
noacc_001580
noacc_001600
noacc_001620
noacc_001640
noacc_001660
noacc_001680
noacc_001700
noacc_001720
noacc_001740
noacc_001760
noacc_001780
noacc_001800
noacc_001820
noacc_001840
noacc_001860
noacc_001880
noacc_001900
noacc_001920
noacc_001940
noacc_001960
noacc_001980
noacc_002000
noacc_002020
noacc_002060
noacc_002080
noacc_002120
noacc_002140
noacc_002160
noacc_002180
noacc_002200
noacc_002220
noacc_002240
noacc_002260
noacc_002280
noacc_002300
noacc_002320
noacc_002340
noacc_002360
noacc_002380
noacc_002400
noacc_002420
noacc_002440
noacc_002460
noacc_002480
noacc_002500
noacc_002520
noacc_002540
noacc_002560
noacc_002580
noacc_002600
noacc_002640
noacc_002660
noacc_002680
noacc_002700
noacc_002720
noacc_002740
noacc_002760
noacc_002780
noacc_002800
noacc_002820
noacc_002840
noacc_002880
noacc_002900
noacc_002920
noacc_002940
noacc_002960
noacc_002980
noacc_003000
noacc_003020
noacc_003040
noacc_003060
noacc_003080
noacc_003100
noacc_003120
noacc_003140
noacc_003160
noacc_003180
noacc_003200
noacc_003220
noacc_003280
noacc_003300
noacc_003320
noacc_003340
noacc_003360
noacc_003380
noacc_003400
noacc_003420
noacc_003440
noacc_003460
noacc_003480
noacc_003500
noacc_003520
noacc_003540
noacc_003560
noacc_003580
noacc_003600
noacc_003640
noacc_003660
noacc_003680
noacc_003700
noacc_003740
noacc_003760
noacc_003800
noacc_003820
noacc_003840
noacc_003860
noacc_003880
noacc_003900
noacc_003920
noacc_003940
noacc_003960
noacc_003980
noacc_004000
noacc_004020
noacc_004040
noacc_004060
noacc_004080
noacc_004100
noacc_004120
noacc_004140
noacc_004160
noacc_004180
noacc_004200
noacc_004220
noacc_004240
noacc_004260
noacc_004280
noacc_004300
noacc_004320
noacc_004340
noacc_004360
noacc_004380
noacc_004400
noacc_004420
noacc_004440
noacc_004460
noacc_004480
noacc_004500
noacc_004520
noacc_004540
noacc_004560
noacc_004580
noacc_004600
noacc_004620
noacc_004640
noacc_004660
noacc_004680
noacc_004700
noacc_004720
noacc_004740
noacc_004760
noacc_004780
noacc_004800
noacc_004820
noacc_004840
noacc_004860
noacc_004880
noacc_004900
noacc_004920
noacc_004940
noacc_004960
noacc_004980
noacc_005000
noacc_005040
noacc_005060
noacc_005080
noacc_005100
noacc_005120
noacc_005140
noacc_005160
noacc_005180
noacc_005200
noacc_005220
noacc_005240
noacc_005260
noacc_005280
noacc_005300
noacc_005340
noacc_005380
noacc_005400
noacc_005420
noacc_005440
noacc_005460
noacc_005480
noacc_005500
noacc_005520
noacc_005540
noacc_005560
noacc_005600
noacc_005620
noacc_005640
noacc_005660
noacc_005680
noacc_005700
noacc_005720
noacc_005740
noacc_005760
noacc_005800
noacc_005820
noacc_005840
noacc_005860
noacc_005880
noacc_005900
noacc_005920
noacc_005940
noacc_005960
noacc_005980
noacc_006000
noacc_006020
noacc_006040
noacc_006060
noacc_006080
noacc_006100
noacc_006120
noacc_006140
noacc_006160
noacc_006180
noacc_006200
noacc_006220
noacc_006260
noacc_006280
noacc_006300
noacc_006320
noacc_006340
noacc_006360
noacc_006380
noacc_006400
noacc_006420
noacc_006440
noacc_006460
noacc_006480
noacc_006500
noacc_006520
noacc_006540
noacc_006560
noacc_006580
noacc_006620
noacc_006660
noacc_006680
noacc_006700
noacc_006720
noacc_006740
noacc_006760
noacc_006780
noacc_006800
noacc_006820
noacc_006840
noacc_006860
noacc_006880
noacc_006900
noacc_006920
noacc_006940
noacc_006960
noacc_006980
noacc_007000
noacc_007020
noacc_007040
noacc_007080
noacc_007100
noacc_007120
noacc_007140
noacc_007160
noacc_007180
noacc_007200
noacc_007220
noacc_007240
noacc_007260
noacc_007280
noacc_007300
noacc_007320
noacc_007340
noacc_007360
noacc_007380
noacc_007400
noacc_007420
noacc_007440
noacc_007460
noacc_007480
noacc_007500
noacc_007520
noacc_007540
noacc_007560
noacc_007580
noacc_007600
noacc_007620
noacc_007640
noacc_007660
noacc_007680
noacc_007700
noacc_007720
noacc_007740
noacc_007760
noacc_007780
noacc_007800
noacc_007820
noacc_007840
noacc_007860
noacc_007900
noacc_007940
noacc_007960
noacc_008020
noacc_008040
noacc_008060
noacc_008080
noacc_008100
noacc_008120
noacc_008140
noacc_008160
noacc_008180
noacc_008200
noacc_008220
noacc_008240
noacc_008260
noacc_008300
noacc_008320
noacc_008340
noacc_008360
noacc_008380
noacc_008400
noacc_008420
noacc_008440
noacc_008460
noacc_008480
noacc_008500
noacc_008520
noacc_008540
noacc_008560
noacc_008580
noacc_008600
noacc_008620
noacc_008640
noacc_008660
noacc_008700
noacc_008720
noacc_008740
noacc_008760
noacc_008780
noacc_008800
noacc_008840
noacc_008860
noacc_008880
noacc_008900
noacc_008920
noacc_008940
noacc_008960
noacc_008980
noacc_009000
noacc_009020
noacc_009040
noacc_009060
noacc_009100
noacc_009120
noacc_009140
noacc_009160
noacc_009180
noacc_009200
noacc_009220
noacc_009240
noacc_009260
noacc_009280
noacc_009300
noacc_009320
noacc_009340
noacc_009360
noacc_009380
noacc_009420
noacc_009440
noacc_009460
noacc_009480
noacc_009500
noacc_009520
noacc_009540
noacc_009560
noacc_009580
noacc_009600
noacc_009620
noacc_009640
noacc_009660
noacc_009680
noacc_009700
noacc_009720
noacc_009740
noacc_009760
noacc_009800
noacc_009820
noacc_009840
noacc_009860
noacc_009880
noacc_009900
noacc_009920
noacc_009940
noacc_009960
noacc_009980
noacc_010000
noacc_010040
noacc_010060
noacc_010080
noacc_010100
noacc_010120
noacc_010140
noacc_010160
noacc_010180
noacc_010200
noacc_010240
noacc_010260
noacc_010280
noacc_010300
noacc_010320
noacc_010360
noacc_010380
noacc_010400
noacc_010420
noacc_010440
noacc_010460
noacc_010480
noacc_010500
noacc_010520
noacc_010540
noacc_010560
noacc_010580
noacc_010600
noacc_010620
noacc_010660
noacc_010680
noacc_010700
noacc_010740
noacc_010760
noacc_010780
noacc_010800
noacc_010820
noacc_010840
noacc_010860
noacc_010880
noacc_010900
noacc_010920
noacc_010940
noacc_010960
noacc_010980
noacc_011000
noacc_011020
noacc_011060
noacc_011080
noacc_011100
noacc_011120
noacc_011140
noacc_011160
noacc_011180
noacc_011200
noacc_011240
noacc_011260
noacc_011280
noacc_011320
noacc_011340
noacc_011360
noacc_011400
noacc_011420
noacc_011440
noacc_011480
noacc_011500
noacc_011520
noacc_011540
noacc_011560
noacc_011580
noacc_011600
noacc_011620
noacc_011660
noacc_011700
noacc_011740
noacc_011760
noacc_011780
noacc_011800
noacc_011820
noacc_011840
noacc_011860
noacc_011880
noacc_011900
noacc_011920
noacc_011940
noacc_011980
noacc_012000
noacc_012020
noacc_012040
noacc_012060
noacc_012080
noacc_012100
noacc_012120
noacc_012140
noacc_012160
noacc_012180
noacc_012200
noacc_012220
noacc_012240
noacc_012260
noacc_012280
noacc_012300
noacc_012320
noacc_012360
noacc_012380
noacc_012420
noacc_012440
noacc_012460
noacc_012480
noacc_012500
noacc_012520
noacc_012540
noacc_012560
noacc_012600
noacc_012620
noacc_012640
noacc_012660
noacc_012680
noacc_012700
noacc_012720
noacc_012740
noacc_012760
noacc_012780
noacc_012800
noacc_012820
noacc_012840
noacc_012860
noacc_012880
noacc_012900
noacc_012920
noacc_012940
noacc_012960
noacc_012980
noacc_013020
noacc_013040
noacc_013060
noacc_013080
noacc_013120
noacc_013140
noacc_013160
noacc_013180
noacc_013200
noacc_013220
noacc_013240
noacc_013260
noacc_013280
noacc_013300
noacc_013320
noacc_013360
noacc_013380
noacc_013420
noacc_013440
noacc_013460
noacc_013480
noacc_013500
noacc_013520
noacc_013540
noacc_013560
noacc_013600
noacc_013620
noacc_013660
noacc_013680
noacc_013700
noacc_013720
noacc_013740
noacc_013760
noacc_013780
noacc_013800
noacc_013820
noacc_013840
noacc_013860
noacc_013880
noacc_013900
noacc_013920
noacc_013960
noacc_013980
noacc_014020
noacc_014040
noacc_014060
noacc_014100
noacc_014120
noacc_014140
noacc_014160
noacc_014180
noacc_014200
noacc_014220
noacc_014240
noacc_014260
noacc_014280
noacc_014300
noacc_014320
noacc_014360
noacc_014380
noacc_014420
noacc_014440
noacc_014460
noacc_014480
noacc_014500
noacc_014520
noacc_014540
noacc_014560
noacc_014580
noacc_014620
noacc_014640
noacc_014660
noacc_014680
noacc_014720
noacc_014740
noacc_014760
noacc_014780
noacc_014800
noacc_014820
noacc_014840
noacc_014860
noacc_014880
noacc_014900
noacc_014920
noacc_014940
noacc_014960
noacc_014980
noacc_015000
noacc_015020
noacc_015040
noacc_015060
noacc_015080
noacc_015100
noacc_015120
noacc_015140
noacc_015160
noacc_015180
noacc_015200
noacc_015220
noacc_015240
noacc_015260
noacc_015280
noacc_015300
noacc_015320
noacc_015340
noacc_015360
noacc_015380
noacc_015420
noacc_015440
noacc_015460
noacc_015480
noacc_015500
noacc_015520
noacc_015540
noacc_015580
noacc_015600
noacc_015620
noacc_015660
noacc_015680
noacc_015700
noacc_015720
noacc_015740
noacc_015760
noacc_015780
noacc_015800
noacc_015820
noacc_015880
noacc_015900
noacc_015920
noacc_015940
noacc_015960
noacc_015980
noacc_016020
noacc_016040
noacc_016060
noacc_016080
noacc_016100
noacc_016120
noacc_016140
noacc_016160
noacc_016180
noacc_016200
noacc_016220
noacc_016240
noacc_016260
noacc_016280
noacc_016320
noacc_016340
noacc_016360
noacc_016380
noacc_016420
noacc_016440
noacc_016460
noacc_016480
noacc_016500
noacc_016520
noacc_016540
noacc_016560
noacc_016580
noacc_016600
noacc_016620
noacc_016640
noacc_016700
noacc_016740
noacc_016760
noacc_016780
noacc_016800
noacc_016820
noacc_016860
noacc_016880
noacc_016900
noacc_016920
noacc_016940
noacc_016980
noacc_017000
noacc_017020
noacc_017040
noacc_017060
noacc_017080
noacc_017100
noacc_017120
noacc_017140
noacc_017160
noacc_017180
noacc_017200
noacc_017220
noacc_017240
noacc_017260
noacc_017280
noacc_017300
noacc_017340
noacc_017360
noacc_017380
noacc_017400
noacc_017420
noacc_017460
noacc_017500
noacc_017520
noacc_017540
noacc_017560
noacc_017580
noacc_017600
noacc_017620
noacc_017640
noacc_017660
noacc_017680
noacc_017700
noacc_017720
noacc_017740
noacc_017760
noacc_017780
noacc_017800
noacc_017840
noacc_017860
noacc_017880
noacc_017900
noacc_017920
noacc_017940
noacc_017960
noacc_017980
noacc_018000
noacc_018060
noacc_018080
noacc_018100
noacc_018140
noacc_018160
noacc_018180
noacc_018200
noacc_018220
noacc_018260
noacc_018280
noacc_018320
noacc_018360
noacc_018380
noacc_018400
noacc_018420
noacc_018440
noacc_018460
noacc_018480
noacc_018500
noacc_018520
noacc_018540
noacc_018560
noacc_018580
noacc_018600
noacc_018620
noacc_018640
noacc_018660
noacc_018680
noacc_018700
noacc_018740
noacc_018760
noacc_018780
noacc_018800
noacc_018820
noacc_018840
noacc_018860
noacc_018880
noacc_018900
noacc_018920
noacc_018940
noacc_018960
noacc_018980
noacc_019020
noacc_019040
noacc_019060
noacc_019080
noacc_019100
noacc_019120
noacc_019160
noacc_019180
noacc_019200
noacc_019220
noacc_019240
noacc_019260
noacc_019280
noacc_019320
noacc_019340
noacc_019360
noacc_019380
noacc_019400
noacc_019420
noacc_019460
noacc_019480
noacc_019500
noacc_019520
noacc_019540
noacc_019560
noacc_019580
noacc_019600
noacc_019620
noacc_019640
noacc_019660
noacc_019680
noacc_019700
noacc_019720
noacc_019740
noacc_019760
noacc_019780
noacc_019800
noacc_019820
noacc_019840
noacc_019860
noacc_019880
noacc_019900
noacc_019920
noacc_019940
noacc_019960
noacc_019980
noacc_020000
noacc_020020
noacc_020040
noacc_020060
noacc_020080
noacc_020100
noacc_020120
noacc_020140
noacc_020160
noacc_020180
noacc_020200
noacc_020220
noacc_020240
noacc_020260
noacc_020280
noacc_020300
noacc_020320
noacc_020340
noacc_020360
noacc_020380
noacc_020400
noacc_020420
noacc_020440
noacc_020460
noacc_020500
noacc_020520
noacc_020540
noacc_020560
noacc_020580
noacc_020600
noacc_020620
noacc_020640
noacc_020660
noacc_020680
noacc_020700
noacc_020720
noacc_020740
noacc_020760
noacc_020780
noacc_020800
noacc_020820
noacc_020840
noacc_020880
noacc_020900
noacc_020920
noacc_020940
noacc_020960
noacc_020980
noacc_021000
noacc_021020
noacc_021040
noacc_021060
noacc_021080
noacc_021100
noacc_021120
noacc_021140
noacc_021160
noacc_021180
noacc_021200
noacc_021220
noacc_021240
noacc_021260
noacc_021280
noacc_021300
noacc_021320
noacc_021340
noacc_021360
noacc_021380
noacc_021400
noacc_021420
noacc_021440
noacc_021460
noacc_021480
noacc_021500
noacc_021520
noacc_021540
noacc_021560
noacc_021580
noacc_021600
noacc_021620
noacc_021640
noacc_021660
noacc_021680
noacc_021700
noacc_021720
noacc_021740
noacc_021760
noacc_021780
noacc_021800
noacc_021820
noacc_021840
noacc_021860
noacc_021880
noacc_021900
noacc_021920
noacc_021940
noacc_021960
noacc_022020
noacc_022040
noacc_022060
noacc_022080
noacc_022100
noacc_022120
noacc_022140
noacc_022160
noacc_022180
noacc_022200
noacc_022220
noacc_022240
noacc_022260
noacc_022280
noacc_022300
noacc_022320
noacc_022340
noacc_022360
noacc_022380
noacc_022400
noacc_022420
noacc_022440
noacc_022460
noacc_022480
noacc_022500
noacc_022520
noacc_022540
noacc_022560
noacc_022600
noacc_022620
noacc_022640
noacc_022660
noacc_022680
noacc_022700
noacc_022720
noacc_022740
noacc_022780
noacc_022800
noacc_022820
noacc_022840
noacc_022860
noacc_022880
noacc_022900
noacc_022940
noacc_022960
noacc_022980
noacc_023000
noacc_023020
noacc_023040
noacc_023060
noacc_023080
noacc_023100
noacc_023120
noacc_023140
noacc_023160
noacc_023180
noacc_023200
noacc_023220
noacc_023240
noacc_023260
noacc_023280
noacc_023320
noacc_023340
noacc_023360
noacc_023380
noacc_023400
noacc_023420
noacc_023440
noacc_023460
noacc_023480
noacc_023500
noacc_023520
noacc_023540
noacc_023560
noacc_023580
noacc_023600
noacc_023620
noacc_023640
noacc_023660
noacc_023680
noacc_023700
noacc_023720
noacc_023740
noacc_023760
noacc_023780
noacc_023800
noacc_023820
noacc_023840
noacc_023860
noacc_023880
noacc_023900
noacc_023920
noacc_023940
noacc_023960
noacc_023980
noacc_024000
noacc_024020
noacc_024040
noacc_024060
noacc_024080
noacc_024100
noacc_024120
noacc_024140
noacc_024160
noacc_024200
noacc_024220
noacc_024240
noacc_024280
noacc_024300
noacc_024320
noacc_024340
noacc_024360
noacc_024380
noacc_024400
noacc_024420
noacc_024440
noacc_024460
noacc_024480
noacc_024500
noacc_024520
noacc_024540
noacc_024560
noacc_024580
noacc_024600
noacc_024620
noacc_024640
noacc_024660
noacc_024680
noacc_024700
noacc_024720
noacc_024740
noacc_024760
noacc_024780
noacc_024800
noacc_024820
noacc_024840
noacc_024860
noacc_024880
noacc_024920
noacc_024940
noacc_024960
noacc_024980
noacc_025000
noacc_025020
noacc_025040
noacc_025060
noacc_025080
noacc_025100
noacc_025120
noacc_025140
noacc_025160
noacc_025180
noacc_025200
noacc_025220
noacc_025240
noacc_025260
noacc_025300
noacc_025320
noacc_025340
noacc_025360
noacc_025380
noacc_025400
noacc_025420
noacc_025440
noacc_025460
noacc_025480
noacc_025540
noacc_025560
noacc_025580
noacc_025600
noacc_025620
noacc_025680
noacc_025700
noacc_025720
noacc_025740
noacc_025760
noacc_025780
noacc_025800
noacc_025820
noacc_025840
noacc_025860
noacc_025880
noacc_025900
noacc_025940
noacc_025960
noacc_025980
noacc_026000
noacc_026020
noacc_026040
noacc_026060
noacc_026080
noacc_026100
noacc_026120
noacc_026140
noacc_026160
noacc_026180
noacc_026200
noacc_026220
noacc_026240
noacc_026260
noacc_026280
noacc_026300
noacc_026320
noacc_026340
noacc_026380
noacc_026400
noacc_026420
noacc_026440
noacc_026460
noacc_026480
noacc_026500
noacc_026520
noacc_026540
noacc_026560
noacc_026580
noacc_026600
noacc_026620
noacc_026640
noacc_026660
noacc_026680
noacc_026700
noacc_026720
noacc_026740
noacc_026760
noacc_026780
noacc_026800
noacc_026820
noacc_026840
noacc_026860
noacc_026880
noacc_026900
noacc_026920
noacc_026940
noacc_026980
noacc_027000
noacc_027020
noacc_027040
noacc_027060
noacc_027100
noacc_027120
noacc_027140
noacc_027160
noacc_027180
noacc_027200
noacc_027220
noacc_027240
noacc_027260
noacc_027280
noacc_027300
noacc_027320
noacc_027340
noacc_027360
noacc_027380
noacc_027400
noacc_027420
noacc_027440
noacc_027460
noacc_027480
noacc_027500
noacc_027520
noacc_027540
noacc_027560
noacc_027580
noacc_027600
noacc_027620
noacc_027640
noacc_027660
noacc_027680
noacc_027700
noacc_027740
noacc_027760
noacc_027780
noacc_027800
noacc_027820
noacc_027840
noacc_027860
noacc_027880
noacc_027900
noacc_027920
noacc_027940
noacc_027960
noacc_027980
noacc_028020
noacc_028040
noacc_028060
noacc_028080
noacc_028100
noacc_028120
noacc_028140
noacc_028160
noacc_028180
noacc_028200
noacc_028260
noacc_028280
noacc_028300
noacc_028320
noacc_028340
noacc_028360
noacc_028400
noacc_028420
noacc_028440
noacc_028480
noacc_028500
noacc_028520
noacc_028540
noacc_028560
noacc_028580
noacc_028600
noacc_028620
noacc_028660
noacc_028680
noacc_028700
noacc_028720
noacc_028740
noacc_028760
noacc_028780
noacc_028800
noacc_028820
noacc_028840
noacc_028860
noacc_028880
noacc_028900
noacc_028940
noacc_028960
noacc_028980
noacc_029000
noacc_029020
noacc_029040
noacc_029060
noacc_029080
noacc_029100
noacc_029120
noacc_029140
noacc_029160
noacc_029180
noacc_029200
noacc_029220
noacc_029240
noacc_029260
noacc_029280
noacc_029300
noacc_029320
noacc_029340
noacc_029360
noacc_029380
noacc_029400
noacc_029420
noacc_029440
noacc_029460
noacc_029480
noacc_029500
noacc_029520
noacc_029540
noacc_029560
noacc_029580
noacc_029600
noacc_029620
noacc_029640
noacc_029660
noacc_029680
noacc_029720
noacc_029740
noacc_029760
noacc_029800
noacc_029820
noacc_029840
noacc_029860
noacc_029880
noacc_029900
noacc_029920
noacc_029960
noacc_029980
noacc_030000
noacc_030020
noacc_030040
noacc_030060
noacc_030080
noacc_030100
noacc_030120
noacc_030140
noacc_030160
noacc_030180
noacc_030200
noacc_030220
noacc_030240
noacc_030260
noacc_030280
noacc_030300
noacc_030320
noacc_030340
noacc_030360
noacc_030380
noacc_030400
noacc_030420
noacc_030440
noacc_030460
noacc_030480
noacc_030500
noacc_030540
noacc_030560
noacc_030580
noacc_030600
noacc_030620
noacc_030640
noacc_030660
noacc_030700
noacc_030740
noacc_030760
noacc_030780
noacc_030800
noacc_030820
noacc_030840
noacc_030860
noacc_030900
noacc_030920
noacc_030940
noacc_030960
noacc_030980
noacc_031000
noacc_031020
noacc_031040
noacc_031060
noacc_031080
noacc_031100
noacc_031120
noacc_031140
noacc_031160
noacc_031180
noacc_031200
noacc_031220
noacc_031240
noacc_031260
noacc_031280
noacc_031300
noacc_031320
noacc_031340
noacc_031360
noacc_031380
noacc_031400
noacc_031420
noacc_031440
noacc_031460
noacc_031480
noacc_031500
noacc_031520
noacc_031540
noacc_031560
noacc_031580
noacc_031600
noacc_031620
noacc_031640
noacc_031660
noacc_031680
noacc_031700
noacc_031720
noacc_031740
noacc_031800
noacc_031820
noacc_031840
noacc_031860
noacc_031880
noacc_031900
noacc_031920
noacc_031940
noacc_031960
noacc_031980
noacc_032000
noacc_032020
noacc_032060
noacc_032080
noacc_032120
noacc_032160
noacc_032180
noacc_032200
noacc_032220
noacc_032240
noacc_032260
noacc_032280
noacc_032300
noacc_032320
noacc_032340
noacc_032360
noacc_032380
noacc_032400
noacc_032420
noacc_032440
noacc_032480
noacc_032500
noacc_032540
noacc_032560
noacc_032580
noacc_032600
noacc_032620
noacc_032640
noacc_032660
noacc_032680
noacc_032700
noacc_032740
noacc_032760
noacc_032780
noacc_032800
noacc_032820
noacc_032840
noacc_032860
noacc_032880
noacc_032900
noacc_032920
noacc_032940
noacc_032960
noacc_032980
noacc_033000
noacc_033020
noacc_033040
noacc_033060
noacc_033080
noacc_033100
noacc_033120
noacc_033140
noacc_033160
noacc_033180
noacc_033200
noacc_033220
noacc_033240
noacc_033280
noacc_033300
noacc_033320
noacc_033360
noacc_033380
noacc_033400
noacc_033440
noacc_033460
noacc_033500
noacc_033520
noacc_033540
noacc_033560
noacc_033580
noacc_033600
noacc_033620
noacc_033640
noacc_033660
noacc_033680
noacc_033700
noacc_033720
noacc_033740
noacc_033760
noacc_033780
noacc_033800
noacc_033820
noacc_033840
noacc_033860
noacc_033880
noacc_033900
noacc_033920
noacc_033940
noacc_033960
noacc_033980
noacc_034000
noacc_034020
noacc_034040
noacc_034060
noacc_034080
noacc_034100
noacc_034120
noacc_034140
noacc_034160
noacc_034180
noacc_034200
noacc_034220
noacc_034240
noacc_034260
noacc_034280
noacc_034300
noacc_034320
noacc_034340
noacc_034360
noacc_034380
noacc_034400
noacc_034420
noacc_034440
noacc_034460
noacc_034480
noacc_034500
noacc_034520
noacc_034540
noacc_034560
noacc_034580
noacc_034600
noacc_034620
noacc_034640
noacc_034660
noacc_034680
noacc_034700
noacc_034720
noacc_034740
noacc_034760
noacc_034780
noacc_034800
noacc_034820
noacc_034840
noacc_034860
noacc_034880
noacc_034900
noacc_034920
noacc_034940
noacc_034960
noacc_034980
noacc_035000
noacc_035020
noacc_035060
noacc_035080
noacc_035100
noacc_035120
noacc_035140
noacc_035160
noacc_035180
noacc_035200
noacc_035220
noacc_035240
noacc_035260
noacc_035280
noacc_035300
noacc_035320
noacc_035340
noacc_035360
noacc_035380
noacc_035400
noacc_035440
noacc_035460
noacc_035480
noacc_035500
noacc_035520
noacc_035540
noacc_035560
noacc_035580
noacc_035600
noacc_035620
noacc_035640
noacc_035660
noacc_035680
noacc_035700
noacc_035720
noacc_035740
noacc_035760
noacc_035780
noacc_035800
noacc_035820
noacc_035840
noacc_035860
noacc_035880
noacc_035900
noacc_035940
noacc_035960
noacc_035980
noacc_036000
noacc_036020
noacc_036060
noacc_036080
noacc_036100
noacc_036120
noacc_036140
noacc_036160
noacc_036180
noacc_036200
noacc_036220
noacc_036240
noacc_036260
noacc_036300
noacc_036320
noacc_036340
noacc_036360
noacc_036380
noacc_036400
noacc_036420
noacc_036440
noacc_036460
noacc_036480
noacc_036500
noacc_036520
noacc_036540
noacc_036560
noacc_036580
noacc_036600
noacc_036620
noacc_036640
noacc_036660
noacc_036680
noacc_036700
noacc_036720
noacc_036740
noacc_036760
noacc_036780
noacc_036800
noacc_036820
noacc_036840
noacc_036860
noacc_036880
noacc_036900
noacc_036920
noacc_036940
noacc_036960
noacc_036980
noacc_037000
noacc_037040
noacc_037060
noacc_037080
noacc_037100
noacc_037120
noacc_037140
noacc_037160
noacc_037180
noacc_037200
noacc_037220
noacc_037240
noacc_037260
noacc_037280
noacc_037320
noacc_037340
noacc_037360
noacc_037400
noacc_037420
noacc_037440
noacc_037460
noacc_037480
noacc_037500
noacc_037520
noacc_037540
noacc_037560
noacc_037580
noacc_037600
noacc_037620
noacc_037640
noacc_037660
noacc_037680
noacc_037700
noacc_037720
noacc_037740
noacc_037760
noacc_037780
noacc_037800
noacc_037820
noacc_037840
noacc_037860
noacc_037880
noacc_037900
noacc_037920
noacc_037960
noacc_037980
noacc_038000
noacc_038020
noacc_038040
noacc_038060
noacc_038080
noacc_038100
noacc_038120
noacc_038140
noacc_038160
noacc_038180
noacc_038200
noacc_038220
noacc_038240
noacc_038260
noacc_038280
noacc_038300
noacc_038320
noacc_038340
noacc_038360
noacc_038380
noacc_038400
noacc_038420
noacc_038440
noacc_038460
noacc_038480
noacc_038500
noacc_038520
noacc_038540
noacc_038560
noacc_038580
noacc_038600
noacc_038620
noacc_038640
noacc_038660
noacc_038680
noacc_038700
noacc_038720
noacc_038740
noacc_038760
noacc_038780
noacc_038800
noacc_038820
noacc_038840
noacc_038860
noacc_038880
noacc_038900
noacc_038920
noacc_038940
noacc_038960
noacc_038980
noacc_039000
noacc_039020
noacc_039040
noacc_039060
noacc_039080
noacc_039100
noacc_039120
noacc_039140
noacc_039160
noacc_039180
noacc_039200
noacc_039220
noacc_039240
noacc_039260
noacc_039280
noacc_039300
noacc_039320
noacc_039340
noacc_039360
noacc_039380
noacc_039400
noacc_039420
noacc_039440
noacc_039460
noacc_039480
noacc_039500
noacc_039520
noacc_039540
noacc_039560
noacc_039580
noacc_039600
noacc_039620
noacc_039640
noacc_039660
noacc_039680
noacc_039700
noacc_039740
noacc_039760
noacc_039780
noacc_039800
noacc_039820
noacc_039840
noacc_039860
noacc_039900
noacc_039920
noacc_039940
noacc_039960
noacc_039980
noacc_040020
noacc_040040
noacc_040060
noacc_040080
noacc_040100
noacc_040120
noacc_040140
noacc_040160
noacc_040180
noacc_040200
noacc_040240
noacc_040260
noacc_040280
noacc_040300
noacc_040320
noacc_040340
noacc_040360
noacc_040380
noacc_040400
noacc_040420
noacc_040440
noacc_040460
noacc_040480
noacc_040500
noacc_040520
noacc_040560
noacc_040580
noacc_040600
noacc_040620
noacc_040640
noacc_040680
noacc_040700
noacc_040720
noacc_040740
noacc_040760
noacc_040780
noacc_040800
noacc_040820
noacc_040840
noacc_040860
noacc_040880
noacc_040900
noacc_040920
noacc_040940
noacc_040960
noacc_040980
noacc_041000
noacc_041020
noacc_041040
noacc_041060
noacc_041080
noacc_041100
noacc_041120
noacc_041140
noacc_041160
noacc_041180
noacc_041200
noacc_041220
noacc_041240
noacc_041280
noacc_041300
noacc_041320
noacc_041340
noacc_041360
noacc_041380
noacc_041400
noacc_041420
noacc_041440
noacc_041460
noacc_041480
noacc_041500
noacc_041520
noacc_041540
noacc_041560
noacc_041580
noacc_041620
noacc_041640
noacc_041660
noacc_041680
noacc_041700
noacc_041720
noacc_041740
noacc_041760
noacc_041780
noacc_041800
noacc_041820
noacc_041840
noacc_041860
noacc_041880
noacc_041900
noacc_041920
noacc_041940
noacc_041960
noacc_041980
noacc_042000
noacc_042020
noacc_042040
noacc_042080
noacc_042100
noacc_042120
noacc_042140
noacc_042160
noacc_042180
noacc_042220
noacc_042240
noacc_042280
noacc_042300
noacc_042320
noacc_042340
noacc_042360
noacc_042380
noacc_042400
noacc_042420
noacc_042440
noacc_042480
noacc_042500
noacc_042520
noacc_042540
noacc_042560
noacc_042580
noacc_042600
noacc_042620
noacc_042640
noacc_042660
noacc_042680
noacc_042700
noacc_042740
noacc_042760
noacc_042780
noacc_042800
noacc_042820
noacc_042840
noacc_042900
noacc_042920
noacc_042940
noacc_042960
noacc_042980
noacc_043000
noacc_043020
noacc_043040
noacc_043060
noacc_043080
noacc_043100
noacc_043120
noacc_043140
noacc_043160
noacc_043200
noacc_043220
noacc_043240
noacc_043260
noacc_043280
noacc_043300
noacc_043320
noacc_043340
noacc_043360
noacc_043380
noacc_043400
noacc_043420
noacc_043440
noacc_043460
noacc_043480
noacc_043520
noacc_043540
noacc_043560
noacc_043580
noacc_043620
noacc_043640
noacc_043660
noacc_043680
noacc_043700
noacc_043720
noacc_043760
noacc_043780
noacc_043800
noacc_043820
noacc_043840
noacc_043860
noacc_043880
noacc_043900
noacc_043920
noacc_043940
noacc_043960
noacc_043980
noacc_044000
noacc_044020
noacc_044040
noacc_044080
noacc_044100
noacc_044120
noacc_044140
noacc_044160
noacc_044180
noacc_044200
noacc_044220
noacc_044240
noacc_044260
noacc_044340
noacc_044380
noacc_044400
noacc_044420
noacc_044440
noacc_044460
noacc_044480
noacc_044520
noacc_044540
noacc_044560
noacc_044580
noacc_044600
noacc_044620
noacc_044640
noacc_044660
noacc_044680
noacc_044700
noacc_044740
noacc_044760
noacc_044780
noacc_044800
noacc_044820
noacc_044840
noacc_044860
noacc_044880
noacc_044900
noacc_044920
noacc_044960
noacc_044980
noacc_045000
noacc_045020
noacc_045040
noacc_045060
noacc_045080
noacc_045100
noacc_045120
noacc_045140
noacc_045160
noacc_045180
noacc_045200
noacc_045220
noacc_045240
noacc_045260
noacc_045280
noacc_045300
noacc_045320
noacc_045340
noacc_045360
noacc_045380
noacc_045400
noacc_045420
noacc_045440
noacc_045460
noacc_045480
noacc_045500
noacc_045520
noacc_045540
noacc_045580
noacc_045600
noacc_045620
noacc_045640
noacc_045660
noacc_045680
noacc_045700
noacc_045720
noacc_045740
noacc_045760
noacc_045780
noacc_045800
noacc_045820
noacc_045840
noacc_045860
noacc_045880
noacc_045900
noacc_045920
noacc_045940
noacc_045960
noacc_045980
noacc_046000
noacc_046020
noacc_046040
noacc_046060
noacc_046080
noacc_046100
noacc_046120
noacc_046160
noacc_046180
noacc_046200
noacc_046220
noacc_046240
noacc_046260
noacc_046280
noacc_046300
noacc_046320
noacc_046340
noacc_046360
noacc_046380
noacc_046400
noacc_046420
noacc_046440
noacc_046460
noacc_046480
noacc_046500
noacc_046520
noacc_046540
noacc_046560
noacc_046580
noacc_046600
noacc_046620
noacc_046660
noacc_046680
noacc_046700
noacc_046720
noacc_046740
noacc_046760
noacc_046780
noacc_046800
noacc_046820
noacc_046840
noacc_046860
noacc_046880
noacc_046900
noacc_046920
noacc_046940
noacc_046960
noacc_046980
noacc_047000
noacc_047020
noacc_047040
noacc_047060
noacc_047080
noacc_047100
noacc_047120
noacc_047160
noacc_047180
noacc_047200
noacc_047220
noacc_047240
noacc_047260
noacc_047280
noacc_047300
noacc_047320
noacc_047340
noacc_047360
noacc_047380
noacc_047400
noacc_047420
noacc_047440
noacc_047460
noacc_047480
noacc_047500
noacc_047520
noacc_047540
noacc_047560
noacc_047580
noacc_047600
noacc_047620
noacc_047640
noacc_047660
noacc_047680
noacc_047700
noacc_047720
noacc_047740
noacc_047760
noacc_047780
noacc_047800
noacc_047820
noacc_047840
noacc_047860
noacc_047880
noacc_047900
noacc_047920
noacc_047940
noacc_047960
noacc_047980
noacc_048000
noacc_048040
noacc_048060
noacc_048080
noacc_048100
noacc_048120
noacc_048140
noacc_048160
noacc_048180
noacc_048220
noacc_048260
noacc_048280
noacc_048300
noacc_048320
noacc_048340
noacc_048360
noacc_048380
noacc_048420
noacc_048440
noacc_048460
noacc_048480
noacc_048500
noacc_048520
noacc_048540
noacc_048560
noacc_048580
noacc_048600
noacc_048620
noacc_048640
noacc_048660
noacc_048680
noacc_048700
noacc_048720
noacc_048740
noacc_048760
noacc_048780
noacc_048800
noacc_048820
noacc_048840
noacc_048860
noacc_048880
noacc_048900
noacc_048920
noacc_048940
noacc_048980
noacc_049000
noacc_049020
noacc_049040
noacc_049060
noacc_049080
noacc_049100
noacc_049120
noacc_049140
noacc_049160
noacc_049180
noacc_049220
noacc_049240
noacc_049260
noacc_049280
noacc_049300
noacc_049320
noacc_049340
noacc_049360
noacc_049380
noacc_049400
noacc_049420
noacc_049440
noacc_049460
noacc_049480
noacc_049500
noacc_049520
noacc_049540
noacc_049560
noacc_049580
noacc_049600
noacc_049620
noacc_049640
noacc_049660
noacc_049680
noacc_049700
noacc_049720
noacc_049740
noacc_049760
noacc_049780
noacc_049800
noacc_049820
noacc_049840
noacc_049860
noacc_049880
noacc_049900
noacc_049920
noacc_049960
noacc_049980
noacc_050000
noacc_050020
noacc_050040
noacc_050060
noacc_050080
noacc_050100
noacc_050120
noacc_050140
noacc_050160
noacc_050180
noacc_050200
noacc_050220
noacc_050280
noacc_050300
noacc_050320
noacc_050340
noacc_050360
noacc_050380
noacc_050400
noacc_050420
noacc_050440
noacc_050480
noacc_050500
noacc_050520
noacc_050540
noacc_050560
noacc_050580
noacc_050600
noacc_050620
noacc_050640
noacc_050660
noacc_050680
noacc_050700
noacc_050720
noacc_050740
noacc_050760
noacc_050780
noacc_050800
noacc_050820
noacc_050840
noacc_050860
noacc_050880
noacc_050900
noacc_050920
noacc_050940
noacc_050960
noacc_051000
noacc_051020
noacc_051040
noacc_051060
noacc_051080
noacc_051100
noacc_051120
noacc_051140
noacc_051160
noacc_051180
noacc_051200
noacc_051220
noacc_051240
noacc_051260
noacc_051280
noacc_051300
noacc_051320
noacc_051340
noacc_051360
noacc_051380
noacc_051400
noacc_051420
noacc_051440
noacc_051460
noacc_051480
noacc_051500
noacc_051520
noacc_051540
noacc_051560
noacc_051580
noacc_051600
noacc_051620
noacc_051660
noacc_051680
noacc_051700
noacc_051720
noacc_051760
noacc_051780
noacc_051800
noacc_051820
noacc_051840
noacc_051860
noacc_051880
noacc_051900
noacc_051920
noacc_051940
noacc_051960
noacc_051980
noacc_052000
noacc_052020
noacc_052040
noacc_052060
noacc_052080
noacc_052100
noacc_052120
noacc_052140
noacc_052160
noacc_052180
noacc_052200
noacc_052220
noacc_052240
noacc_052260
noacc_052280
noacc_052300
noacc_052320
noacc_052340
noacc_052360
noacc_052380
noacc_052400
noacc_052440
noacc_052460
noacc_052480
noacc_052500
noacc_052520
noacc_052540
noacc_052560
noacc_052580
noacc_052600
noacc_052620
noacc_052640
noacc_052680
noacc_052700
noacc_052720
noacc_052740
noacc_052760
noacc_052780
noacc_052800
noacc_052820
noacc_052860
noacc_052880
noacc_052900
noacc_052920
noacc_052940
noacc_052960
noacc_052980
noacc_053000
noacc_053020
noacc_053060
noacc_053080
noacc_053100
noacc_053120
noacc_053140
noacc_053160
noacc_053180
noacc_053200
noacc_053220
noacc_053240
noacc_053260
noacc_053280
noacc_053300
noacc_053320
noacc_053340
noacc_053360
noacc_053380
noacc_053400
noacc_053420
noacc_053440
noacc_053460
noacc_053500
noacc_053520
noacc_053580
noacc_053600
noacc_053620
noacc_053640
noacc_053660
noacc_053680
noacc_053700
noacc_053720
noacc_053740
noacc_053760
noacc_053780
noacc_053800
noacc_053840
noacc_053860
noacc_053880
noacc_053900
noacc_053920
noacc_053940
noacc_053960
noacc_053980
noacc_054020
noacc_054040
noacc_054060
noacc_054080
noacc_054100
noacc_054120
noacc_054140
noacc_054160
noacc_054180
noacc_054200
noacc_054220
noacc_054240
noacc_054260
noacc_054280
noacc_054300
noacc_054320
noacc_054340
noacc_054360
noacc_054380
noacc_054400
noacc_054420
noacc_054440
noacc_054460
noacc_054480
noacc_054500
noacc_054520
noacc_054540
noacc_054560
noacc_054580
noacc_054600
noacc_054620
noacc_054640
noacc_054680
noacc_054720
noacc_054740
noacc_054760
noacc_054780
noacc_054800
noacc_054820
noacc_054840
noacc_054880
noacc_054900
noacc_054920
noacc_054960
noacc_054980
noacc_055000
noacc_055020
noacc_055040
noacc_055060
noacc_055100
noacc_055140
noacc_055160
noacc_055180
noacc_055200
noacc_055220
noacc_055240
noacc_055260
noacc_055280
noacc_055300
noacc_055320
noacc_055340
noacc_055360
noacc_055380
noacc_055400
noacc_055420
noacc_055440
noacc_055460
noacc_055480
noacc_055540
noacc_055560
noacc_055600
noacc_055620
noacc_055640
noacc_055660
noacc_055720
noacc_055760
noacc_055780
noacc_055800
noacc_055820
noacc_055840
noacc_055860
noacc_055880
noacc_055900
noacc_055920
noacc_055940
noacc_055960
noacc_055980
noacc_056000
noacc_056020
noacc_056040
noacc_056060
noacc_056080
noacc_056100
noacc_056120
noacc_056140
noacc_056160
noacc_056180
noacc_056200
noacc_056220
noacc_056240
noacc_056260
noacc_056280
noacc_056300
noacc_056340
noacc_056360
noacc_056380
noacc_056420
noacc_056440
noacc_056460
noacc_056500
noacc_056520
noacc_056540
noacc_056560
noacc_056580
noacc_056600
noacc_056620
noacc_056640
noacc_056660
noacc_056680
noacc_056700
noacc_056720
noacc_056740
noacc_056760
noacc_056780
noacc_056800
noacc_056820
noacc_056840
noacc_056860
noacc_056880
noacc_056900
noacc_056920
noacc_056940
noacc_056960
noacc_056980
noacc_057000
noacc_057020
noacc_057060
noacc_057080
noacc_057100
noacc_057120
noacc_057140
noacc_057160
noacc_057180
noacc_057200
noacc_057220
noacc_057260
noacc_057280
noacc_057300
noacc_057320
noacc_057340
noacc_057360
noacc_057380
noacc_057400
noacc_057420
noacc_057440
noacc_057460
noacc_057480
noacc_057500
noacc_057520
noacc_057540
noacc_057580
noacc_057600
noacc_057620
noacc_057640
noacc_057660
noacc_057680
noacc_057700
noacc_057720
noacc_057740
noacc_057760
noacc_057780
noacc_057840
noacc_057860
noacc_057880
noacc_057900
noacc_057920
noacc_057940
noacc_057960
noacc_057980
noacc_058000
noacc_058020
noacc_058040
noacc_058060
noacc_058080
noacc_058100
noacc_058120
noacc_058140
noacc_058160
noacc_058180
noacc_058200
noacc_058220
noacc_058240
noacc_058260
noacc_058280
noacc_058300
noacc_058320
noacc_058340
noacc_058360
noacc_058380
noacc_058400
noacc_058420
noacc_058460
noacc_058480
noacc_058500
noacc_058520
noacc_058540
noacc_058560
noacc_058580
noacc_058600
noacc_058620
noacc_058640
noacc_058660
noacc_058680
noacc_058700
noacc_058720
noacc_058740
noacc_058760
noacc_058780
noacc_058800
noacc_058820
noacc_058860
noacc_058880
noacc_058920
noacc_058940
noacc_058960
noacc_058980
noacc_059000
noacc_059020
noacc_059040
noacc_059060
noacc_059080
noacc_059100
noacc_059120
noacc_059140
noacc_059160
noacc_059180
noacc_059200
noacc_059220
noacc_059240
noacc_059280
noacc_059300
noacc_059320
noacc_059340
noacc_059360
noacc_059400
noacc_059420
noacc_059440
noacc_059460
noacc_059480
noacc_059500
noacc_059540
noacc_059560
noacc_059580
noacc_059600
noacc_059620
noacc_059640
noacc_059660
noacc_059680
noacc_059700
noacc_059720
noacc_059740
noacc_059780
noacc_059800
noacc_059820
noacc_059840
noacc_059860
noacc_059880
noacc_059900
noacc_059960
noacc_059980
noacc_060000
noacc_060020
noacc_060040
noacc_060060
noacc_060080
noacc_060100
noacc_060120
noacc_060140
noacc_060180
noacc_060200
noacc_060220
noacc_060240
noacc_060280
noacc_060300
noacc_060320
noacc_060340
noacc_060380
noacc_060400
noacc_060420
noacc_060440
noacc_060460
noacc_060480
noacc_060500
noacc_060560
noacc_060580
noacc_060600
noacc_060620
noacc_060660
noacc_060680
noacc_060700
noacc_060720
noacc_060740
noacc_060760
noacc_060780
noacc_060800
noacc_060820
noacc_060840
noacc_060860
noacc_060880
noacc_060900
noacc_060920
noacc_060940
noacc_060960
noacc_060980
noacc_061000
noacc_061020
noacc_061040
noacc_061060
noacc_061080
noacc_061100
noacc_061120
noacc_061140
noacc_061160
noacc_061200
noacc_061220
noacc_061240
noacc_061280
noacc_061300
noacc_061320
noacc_061340
noacc_061360
noacc_061380
noacc_061400
noacc_061420
noacc_061440
noacc_061460
noacc_061480
noacc_061500
noacc_061520
noacc_061540
noacc_061560
noacc_061580
noacc_061600
noacc_061620
noacc_061640
noacc_061660
noacc_061680
noacc_061700
noacc_061720
noacc_061740
noacc_061760
noacc_061780
noacc_061800
noacc_061820
noacc_061840
noacc_061860
noacc_061880
noacc_061920
noacc_061940
noacc_061960
noacc_061980
noacc_062000
noacc_062020
noacc_062060
noacc_062080
noacc_062100
noacc_062120
noacc_062140
noacc_062160
noacc_062180
noacc_062200
noacc_062220
noacc_062240
noacc_062260
noacc_062280
noacc_062300
noacc_062320
noacc_062340
noacc_062360
noacc_062380
noacc_062400
noacc_062440
noacc_062460
noacc_062480
noacc_062500
noacc_062520
noacc_062540
noacc_062560
noacc_062600
noacc_062620
noacc_062640
noacc_062660
noacc_062680
noacc_062720
noacc_062740
noacc_062780
noacc_062800
noacc_062820
noacc_062840
noacc_062880
noacc_062900
noacc_062920
noacc_062940
noacc_062960
noacc_062980
noacc_063000
noacc_063020
noacc_063040
noacc_063080
noacc_063100
noacc_063120
noacc_063140
noacc_063160
noacc_063200
noacc_063220
noacc_063240
noacc_063260
noacc_063280
noacc_063300
noacc_063320
noacc_063340
noacc_063360
noacc_063380
noacc_063400
noacc_063420
noacc_063440
noacc_063460
noacc_063480
noacc_063500
noacc_063520
noacc_063540
noacc_063560
noacc_063580
noacc_063600
noacc_063620
noacc_063640
noacc_063660
noacc_063680
noacc_063700
noacc_063720
noacc_063740
noacc_063760
noacc_063780
noacc_063800
noacc_063820
noacc_063840
noacc_063860
noacc_063880
noacc_063900
noacc_063920
noacc_063960
noacc_064000
noacc_064020
noacc_064040
noacc_064060
noacc_064080
noacc_064100
noacc_064120
noacc_064160
noacc_064180
noacc_064200
noacc_064220
noacc_064260
noacc_064280
noacc_064300
noacc_064320
noacc_064340
noacc_064360
noacc_064380
noacc_064400
noacc_064420
noacc_064440
noacc_064460
noacc_064480
noacc_064500
noacc_064520
noacc_064540
noacc_064560
noacc_064580
noacc_064600
noacc_064620
noacc_064640
noacc_064660
noacc_064680
noacc_064700
noacc_064720
noacc_064760
noacc_064780
noacc_064800
noacc_064820
noacc_064840
noacc_064860
noacc_064880
noacc_064900
noacc_064920
noacc_064940
noacc_064960
noacc_064980
noacc_065000
noacc_065020
noacc_065060
noacc_065080
noacc_065100
noacc_065120
noacc_065140
noacc_065180
noacc_065200
noacc_065220
noacc_065240
noacc_065260
noacc_065280
noacc_065300
noacc_065320
noacc_065340
noacc_065360
noacc_065380
noacc_065400
noacc_065420
noacc_065440
noacc_065460
noacc_065480
noacc_065500
noacc_065520
noacc_065540
noacc_065560
noacc_065580
noacc_065600
noacc_065620
noacc_065640
noacc_065660
noacc_065680
noacc_065700
noacc_065720
noacc_065740
noacc_065760
noacc_065780
noacc_065800
noacc_065820
noacc_065840
noacc_065860
noacc_065880
noacc_065900
noacc_065920
noacc_065940
noacc_065960
noacc_066000
noacc_066020
noacc_066040
noacc_066060
noacc_066080
noacc_066100
noacc_066120
noacc_066140
noacc_066160
noacc_066180
noacc_066200
noacc_066220
noacc_066240
noacc_066260
noacc_066280
noacc_066300
noacc_066320
noacc_066340
noacc_066360
noacc_066380
noacc_066420
noacc_066440
noacc_066460
noacc_066480
noacc_066500
noacc_066520
noacc_066540
noacc_066560
noacc_066580
noacc_066600
noacc_066620
noacc_066640
noacc_066660
noacc_066680
noacc_066720
noacc_066760
noacc_066780
noacc_066800
noacc_066820
noacc_066840
noacc_066860
noacc_066880
noacc_066900
noacc_066920
noacc_066940
noacc_066960
noacc_066980
noacc_067000
noacc_067040
noacc_067080
noacc_067100
noacc_067120
noacc_067140
noacc_067160
noacc_067180
noacc_067200
noacc_067220
noacc_067240
noacc_067260
noacc_067280
noacc_067300
noacc_067320
noacc_067340
noacc_067360
noacc_067400
noacc_067420
noacc_067440
noacc_067460
noacc_067520
noacc_067540
noacc_067560
noacc_067580
noacc_067600
noacc_067620
noacc_067640
noacc_067660
noacc_067680
noacc_067700
noacc_067720
noacc_067740
noacc_067760
noacc_067780
noacc_067800
noacc_067820
noacc_067840
noacc_067860
noacc_067880
noacc_067900
noacc_067920
noacc_067940
noacc_067960
noacc_067980
noacc_068000
noacc_068040
noacc_068060
noacc_068080
noacc_068100
noacc_068120
noacc_068140
noacc_068160
noacc_068180
noacc_068200
noacc_068220
noacc_068240
noacc_068260
noacc_068280
noacc_068300
noacc_068320
noacc_068340
noacc_068360
noacc_068380
noacc_068400
noacc_068420
noacc_068440
noacc_068460
noacc_068480
noacc_068500
noacc_068520
noacc_068540
noacc_068560
noacc_068580
noacc_068600
noacc_068640
noacc_068660
noacc_068680
noacc_068700
noacc_068720
noacc_068740
noacc_068760
noacc_068780
noacc_068820
noacc_068860
noacc_068900
noacc_068920
noacc_068940
noacc_068960
noacc_068980
noacc_069000
noacc_069020
noacc_069040
noacc_069060
noacc_069080
noacc_069100
noacc_069120
noacc_069140
noacc_069160
noacc_069180
noacc_069220
noacc_069240
noacc_069260
noacc_069280
noacc_069300
noacc_069340
noacc_069360
noacc_069380
noacc_069400
noacc_069420
noacc_069440
noacc_069460
noacc_069480
noacc_069500
noacc_069520
noacc_069540
noacc_069560
noacc_069580
noacc_069600
noacc_069620
noacc_069640
noacc_069660
noacc_069680
noacc_069700
noacc_069720
noacc_069740
noacc_069760
noacc_069780
noacc_069800
noacc_069820
noacc_069860
noacc_069880
noacc_069900
noacc_069920
noacc_069960
noacc_069980
noacc_070000
noacc_070020
noacc_070040
noacc_070060
noacc_070080
noacc_070100
noacc_070120
noacc_070140
noacc_070160
noacc_070180
noacc_070200
noacc_070240
noacc_070260
noacc_070280
noacc_070300
noacc_070320
noacc_070340
noacc_070360
noacc_070380
noacc_070400
noacc_070420
noacc_070440
noacc_070460
noacc_070500
noacc_070520
noacc_070540
noacc_070560
noacc_070600
noacc_070620
noacc_070640
noacc_070660
noacc_070680
noacc_070700
noacc_070720
noacc_070740
noacc_070760
noacc_070780
noacc_070800
noacc_070820
noacc_070840
noacc_070880
noacc_070900
noacc_070920
noacc_070940
noacc_070960
noacc_070980
noacc_071000
noacc_071020
noacc_071040
noacc_071060
noacc_071080
noacc_071100
noacc_071120
noacc_071140
noacc_071160
noacc_071200
noacc_071240
noacc_071260
noacc_071280
noacc_071300
noacc_071320
noacc_071340
noacc_071360
noacc_071400
noacc_071420
noacc_071440
noacc_071460
noacc_071480
noacc_071500
noacc_071520
noacc_071560
noacc_071580
noacc_071600
noacc_071620
noacc_071640
noacc_071660
noacc_071680
noacc_071700
noacc_071720
noacc_071740
noacc_071760
noacc_071780
noacc_071800
noacc_071840
noacc_071860
noacc_071880
noacc_071900
noacc_071920
noacc_071940
noacc_071960
noacc_071980
noacc_072000
noacc_072020
noacc_072040
noacc_072060
noacc_072080
noacc_072100
noacc_072120
noacc_072140
noacc_072160
noacc_072180
noacc_072200
noacc_072220
noacc_072240
noacc_072260
noacc_072280
noacc_072300
noacc_072320
noacc_072340
noacc_072360
noacc_072380
noacc_072400
noacc_072420
noacc_072440
noacc_072460
noacc_072480
noacc_072500
noacc_072520
noacc_072540
noacc_072560
noacc_072580
noacc_072600
noacc_072620
noacc_072640
noacc_072660
noacc_072680
noacc_072700
noacc_072720
noacc_072740
noacc_072760
noacc_072780
noacc_072800
noacc_072820
noacc_072840
noacc_072860
noacc_072880
noacc_072900
noacc_072920
noacc_072940
noacc_072960
noacc_072980
noacc_073000
noacc_073020
noacc_073060
noacc_073080
noacc_073100
noacc_073120
noacc_073140
noacc_073160
noacc_073180
noacc_073200
